0,039 0,323 C3
0,503 -0,189 C1
0,434 0,063 C2
0,917 0,267 C3
0,757 0,038 C3
0,010 0,460 C3
0,373 0,826 C1
-0,165 -0,442 C1
-0,200 0,594 C1
0,034 0,750 C3
-0,487 -0,675 C2
-0,751 -0,536 C2
-0,667 -0,432 C1
0,638 0,163 C2
-0,661 -0,779 C2
0,502 -0,045 C4
-0,587 -0,912 C2
-0,167 -0,005 C3
-0,407 -0,177 C1
-0,309 0,783 C1
-0,005 0,753 C4
-0,578 0,270 C2
-0,704 -0,860 C2
-0,484 0,965 C4
0,891 0,386 C2
-0,736 0,161 C2
0,525 -0,899 C2
-0,063 0,490 C2
0,194 -0,298 C1
-0,001 -0,633 C3
-0,203 0,242 C2
-0,455 -0,327 C1
-0,487 0,785 C1
-0,205 0,340 C2
0,288 -0,121 C1
0,871 0,198 C3
-0,244 0,315 C2
0,250 0,457 C2
-1,000 -0,242 C3
-0,794 0,235 C2
0,103 -0,092 C4
0,235 -0,699 C2
0,463 0,485 C2
-0,073 0,242 C4
-0,660 0,655 C1
0,157 -0,954 C4
0,612 0,656 C1
-0,177 0,059 C4
0,785 -0,048 C4
0,903 -0,382 C1
-0,959 0,545 C4
-0,546 -0,279 C1
-0,351 -0,955 C3
-0,464 0,780 C1
-0,975 -0,556 C3
0,187 0,071 C3
0,888 0,402 C2
-0,264 0,582 C1
0,402 0,315 C2
-0,771 0,669 C1
0,333 0,943 C3
0,895 -0,282 C4
0,707 -0,726 C2
0,722 -0,211 C1
0,208 0,461 C2
-0,163 0,244 C2
0,768 0,604 C1
0,739 0,339 C2
0,033 0,144 C3
-0,825 0,857 C4
0,425 0,519 C1
0,920 0,438 C2
-0,680 0,015 C4
0,480 -0,555 C2
-0,043 0,661 C4
-0,631 0,080 C2
-0,490 0,321 C2
0,644 -0,994 C4
-0,634 -0,530 C2
0,447 -0,176 C1
-0,871 0,406 C2
0,070 -0,821 C4
0,762 -0,019 C4
-0,861 -0,231 C3
0,295 -0,523 C2
-0,321 0,606 C1
0,723 0,340 C2
0,781 -0,794 C2
0,368 0,800 C1
0,075 -0,846 C4
-0,232 0,415 C2
-0,898 -0,702 C2
-0,174 0,313 C2
0,721 -0,393 C1
0,822 0,211 C2
0,790 0,881 C3
0,224 0,458 C2
-0,568 -0,123 C1
-0,069 -0,491 C1
-0,939 -0,932 C3
0,496 0,082 C2
-0,864 0,988 C4
0,364 -0,877 C2
0,110 -0,288 C1
-0,202 -0,322 C1
-0,564 -0,856 C2
-0,257 0,491 C2
0,709 -0,017 C4
0,570 -0,050 C4
-0,740 0,044 C4
0,838 -0,070 C4
0,722 0,331 C2
0,593 0,704 C1
-0,377 0,266 C2
0,294 0,804 C1
0,858 -0,084 C4
-0,588 0,404 C2
0,369 0,023 C3
-0,311 -0,877 C2
-0,405 0,235 C2
0,714 0,397 C2
-0,352 -0,107 C1
0,060 -0,379 C4
-0,144 0,117 C4
-0,032 -0,247 C3
-0,156 -0,783 C2
0,306 0,257 C2
-0,199 -0,493 C1
-0,006 0,954 C4
0,674 -0,222 C1
-0,267 -0,765 C2
0,852 -0,445 C1
-0,050 -0,742 C3
-0,717 -0,884 C2
-0,599 0,162 C2
-0,041 0,387 C4
-0,275 -0,548 C2
0,272 -0,655 C2
-0,082 -0,248 C3
0,026 -0,349 C4
-0,332 0,926 C4
-0,178 -0,272 C1
0,848 0,599 C1
0,406 0,422 C2
-0,800 -0,467 C1
-0,653 0,404 C2
-0,994 0,998 C4
0,423 0,397 C2
0,950 0,518 C3
-0,587 0,650 C1
-0,447 0,513 C1
0,980 -0,585 C4
-0,248 0,986 C4
0,093 -0,138 C4
-0,942 0,047 C4
0,521 -0,679 C2
0,105 0,789 C3
-0,666 -0,987 C3
-0,571 0,571 C1
-0,216 0,908 C4
-0,504 -0,456 C1
0,485 0,798 C1
0,013 -0,704 C4
-0,829 -0,708 C2
0,366 0,532 C1
-0,335 -0,115 C1
0,036 0,127 C3
0,828 -0,581 C2
0,459 -0,331 C1
-0,680 0,724 C1
-0,966 0,489 C4
-0,967 -0,376 C3
-0,243 -0,573 C2
0,020 -0,753 C4
0,972 -0,717 C4
0,922 -0,837 C4
0,305 -0,387 C1
0,308 0,420 C2
0,327 0,614 C1
-0,848 -0,534 C2
0,840 -0,735 C2
0,252 0,134 C2
-0,427 -0,776 C2
0,715 0,483 C2
-0,671 0,556 C1
0,227 -0,839 C2
-0,758 0,082 C4
-0,209 0,959 C4
-0,726 0,572 C1
0,432 -0,952 C4
-0,009 0,471 C4
-0,759 0,717 C1
-0,050 0,101 C4
0,648 0,712 C1
0,977 0,098 C3
-0,822 0,117 C4
0,644 0,167 C2
-0,175 0,240 C2
0,233 -0,774 C2
-0,118 0,724 C1
0,360 0,914 C1
-0,763 0,929 C4
0,713 0,654 C1
0,269 -0,066 C4
-0,505 -0,290 C1
-0,860 -0,032 C3
0,218 0,483 C2
0,106 0,807 C3
0,548 -0,195 C1
-0,862 0,319 C2
0,490 -0,964 C4
0,191 0,676 C1
-0,980 -0,235 C3
0,803 -0,670 C2
0,434 -0,957 C4
-0,115 0,246 C4
-0,601 -0,968 C3
-0,542 -0,579 C2
0,655 -0,728 C2
-0,528 0,835 C1
0,349 0,416 C2
0,525 0,770 C1
-0,750 0,124 C4
0,155 -0,828 C4
0,032 0,124 C3
0,339 -0,656 C2
0,190 -0,560 C2
0,707 0,737 C1
0,887 -0,010 C4
-0,106 -0,134 C3
-0,527 -0,286 C1
-0,781 0,019 C4
-0,885 -0,996 C3
0,657 0,323 C2
0,758 0,238 C2
0,787 -0,741 C2
-0,366 -0,090 C1
0,283 0,496 C2
-0,802 -0,663 C2
-0,541 0,258 C2
0,313 -0,290 C1
0,816 -0,353 C1
-0,239 0,733 C1
-0,673 0,648 C1
-0,053 0,222 C4
0,810 -0,017 C4
0,547 0,395 C2
-0,744 0,665 C1
0,594 0,493 C2
-0,313 0,801 C1
0,260 -0,289 C1
0,412 0,911 C1
0,682 0,845 C1
-0,390 -0,673 C2
0,341 -0,250 C1
-0,513 -0,166 C1
0,570 0,592 C1
-0,840 0,181 C4
0,057 -0,469 C1
-0,676 -0,241 C1
-0,839 0,064 C4
0,186 0,115 C3
-0,703 0,707 C1
0,497 0,160 C2
0,575 0,465 C2
0,352 0,233 C2
0,763 -0,093 C4
0,344 0,568 C1
-0,090 0,322 C4
-0,911 0,226 C4
0,800 0,068 C3
-0,096 -0,968 C3
0,677 0,775 C1
-0,049 0,364 C4
0,180 -0,472 C1
0,296 -0,649 C2
-0,383 -0,156 C1
-0,315 0,912 C4
0,847 0,421 C2
0,156 -0,551 C2
-0,686 -0,093 C3
-0,277 -0,521 C2
-0,190 -0,078 C3
0,947 0,204 C3
-0,754 -0,872 C3
-0,728 0,376 C2
-0,798 -0,684 C2
-0,818 0,792 C1
-0,244 0,321 C2
0,673 0,496 C2
-0,189 0,493 C2
-0,106 -0,790 C3
0,771 -0,154 C1
-0,701 -0,559 C2
0,359 -0,490 C1
0,056 0,978 C3
0,081 0,514 C1
-0,108 -0,312 C1
0,225 0,137 C3
0,087 -0,724 C4
0,444 0,201 C2
0,953 -0,597 C4
-0,633 0,935 C4
0,033 -0,277 C4
0,870 -0,102 C4
0,567 0,210 C2
-0,204 -0,650 C2
0,609 0,877 C1
-0,919 -0,741 C3
0,856 0,686 C1
0,093 -0,455 C1
-0,151 -0,863 C3
-0,702 0,359 C2
0,184 -0,352 C1
0,200 -0,758 C2
-0,163 0,186 C4
0,278 -0,676 C2
0,148 -0,611 C2
-0,004 0,731 C4
0,667 0,382 C2
0,846 0,814 C3
0,433 -0,035 C4
-0,000 0,377 C4
0,645 0,563 C1
0,020 -0,138 C4
0,705 -0,672 C2
-0,026 -0,561 C3
0,553 -0,382 C1
0,295 -0,466 C1
0,800 0,669 C1
-0,846 0,847 C4
-0,250 -0,110 C3
-0,376 -0,955 C3
0,750 -0,323 C1
0,367 -0,325 C1
0,861 0,962 C3
0,228 -0,474 C1
0,382 0,577 C1
-0,597 -0,504 C2
-0,146 0,715 C1
0,466 -0,571 C2
0,613 0,814 C1
0,668 0,552 C1
-0,587 0,688 C1
-0,288 0,774 C1
0,914 0,011 C3
0,335 0,707 C1
-0,292 0,688 C1
-0,580 0,822 C1
-0,097 -0,541 C2
-0,961 0,549 C4
-0,143 -0,603 C2
0,369 -0,383 C1
0,522 -0,212 C1
-0,527 -0,331 C1
-0,265 -0,735 C2
0,484 -0,134 C1
-0,153 0,723 C1
0,166 0,139 C3
-0,918 -0,625 C2
-0,472 0,053 C4
0,212 -0,152 C4
-0,811 -0,463 C1
-0,664 -0,837 C2
0,507 0,393 C2
-0,948 -0,840 C3
0,566 -0,545 C2
-0,923 0,881 C4
0,649 0,264 C2
-0,401 0,877 C1
-0,223 0,394 C2
0,520 -0,474 C1
-0,514 -0,932 C2
-0,547 -0,583 C2
0,875 0,156 C3
0,117 -0,430 C1
-0,277 0,154 C2
0,881 0,772 C3
0,487 0,438 C2
0,989 0,297 C3
0,362 -0,620 C2
-0,301 -0,395 C1
-0,782 -0,838 C2
0,654 -0,199 C1
0,832 0,170 C3
0,580 0,306 C2
0,866 0,302 C2
0,311 -0,238 C1
-0,226 -0,491 C1
-0,264 0,972 C4
0,217 0,412 C2
-0,197 -0,963 C3
0,574 0,224 C2
-0,965 0,835 C4
-0,797 -0,081 C3
-0,690 -0,257 C1
-0,296 0,110 C2
0,851 -0,018 C4
0,706 -0,683 C2
0,796 -0,920 C4
-0,452 -0,021 C3
0,181 -0,590 C2
-0,590 -0,142 C1
-0,694 -0,580 C2
0,467 0,555 C1
-0,074 -0,583 C2
-0,264 -0,925 C3
0,295 0,347 C2
-0,417 0,299 C2
0,594 -0,867 C2
0,158 -0,476 C1
0,353 -0,739 C2
-0,012 0,670 C4
-0,836 -0,416 C1
0,921 0,498 C2
0,951 -0,059 C4
-0,080 0,163 C4
-0,660 -0,879 C2
0,589 -0,839 C2
0,079 -0,977 C4
0,809 -0,495 C1
-0,953 -0,756 C3
-0,285 -0,468 C1
-0,927 0,717 C4
0,037 -0,195 C4
0,605 0,923 C1
-0,583 -0,945 C3
-0,713 0,323 C2
0,778 -0,817 C2
0,780 0,351 C2
0,675 -0,876 C2
-0,188 -0,917 C3
-0,690 -0,604 C2
-0,361 0,736 C1
0,750 -0,150 C1
0,940 0,731 C3
-0,140 0,355 C2
0,979 -0,783 C4
0,294 0,599 C1
0,728 -0,233 C1
0,206 -0,959 C4
-0,993 -0,714 C3
0,443 0,406 C2
-0,343 0,881 C1
0,012 0,315 C3
-0,135 -0,808 C3
-0,544 0,217 C2
-0,870 0,263 C2
0,208 0,388 C2
0,662 -0,283 C1
-0,688 0,101 C2
-0,636 0,564 C1
-0,424 -0,704 C2
0,714 0,467 C2
0,105 -0,924 C4
-0,935 0,192 C4
0,164 0,633 C1
-0,156 0,328 C2
0,014 0,990 C3
-0,775 0,292 C2
0,135 -0,993 C4
0,833 -0,897 C4
-0,817 -0,989 C3
0,350 -0,694 C2
-0,751 0,211 C2
-0,687 -0,460 C1
0,936 -0,259 C4
0,488 -0,709 C2
0,261 -0,069 C4
0,806 -0,121 C4
-0,592 -0,332 C1
0,519 0,348 C2
-0,749 -0,032 C3
0,925 0,911 C3
0,890 -0,233 C4
-0,621 -0,580 C2
-0,873 0,433 C2
-0,723 0,072 C4
0,977 0,414 C3
-0,930 -0,482 C1
-0,638 0,093 C2
0,064 0,574 C1
0,950 0,449 C3
-0,322 0,978 C4
-0,593 -0,780 C2
-0,977 -0,238 C3
0,738 -0,760 C2
-0,097 -0,254 C3
-0,831 -0,395 C1
0,922 -0,062 C4
0,246 0,886 C3
-0,891 0,886 C4
-0,587 -0,818 C2
0,584 0,767 C1
-0,067 -0,672 C3
0,317 0,518 C1
0,058 -0,311 C4
-0,842 -0,995 C3
-0,967 0,069 C4
0,171 0,208 C2
0,924 -0,841 C4
0,188 0,812 C1
0,056 0,441 C3
-0,533 0,470 C2
-0,299 0,657 C1
0,920 0,164 C3
0,859 -0,090 C4
0,559 0,499 C2
-0,355 0,675 C1
-0,745 0,024 C4
0,906 0,809 C3
-0,354 -0,517 C2
0,843 0,834 C3
-0,245 0,795 C1
0,153 0,018 C3
0,782 0,956 C3
-0,261 -0,827 C2
-0,786 -0,633 C2
-0,585 -0,337 C1
0,284 -0,498 C1
0,072 0,157 C3
-0,590 -0,446 C1
0,049 -0,341 C4
-0,857 0,837 C4
0,381 -0,202 C1
-0,089 -0,886 C3
0,299 -0,910 C4
-0,946 -0,194 C3
0,770 -0,233 C1
-0,977 -0,319 C3
-0,231 0,799 C1
0,683 0,138 C2
0,787 0,249 C2
0,343 -0,054 C4
0,128 0,367 C2
0,949 0,960 C3
0,941 -0,603 C4
-0,270 -0,823 C2
-0,614 0,646 C1
-0,761 -0,001 C3
0,638 -0,231 C1
-0,996 -0,194 C3
0,862 0,447 C2
0,727 0,169 C2
-0,883 0,833 C4
0,173 0,217 C2
0,287 0,615 C1
0,253 0,814 C1
-0,617 -0,219 C1
-0,429 0,078 C2
-0,558 0,748 C1
0,606 -0,740 C2
0,022 0,243 C3
0,943 0,636 C3
0,150 -0,886 C4
0,443 0,523 C1
0,328 0,230 C2
0,214 -0,783 C2
0,497 0,923 C1
-0,412 -0,968 C3
0,208 0,662 C1
0,439 0,849 C1
-0,228 0,083 C4
0,998 0,064 C3
-0,021 0,157 C4
-0,729 0,421 C2
-0,270 0,761 C1
-0,709 0,180 C2
0,342 0,425 C2
-0,827 0,048 C4
-0,454 -0,320 C1
-0,597 -0,540 C2
-0,418 -0,439 C1
0,550 0,447 C2
0,076 -0,102 C4
-0,315 -0,466 C1
-0,645 -0,174 C1
0,010 0,035 C3
-0,076 0,051 C4
-0,456 0,519 C1
0,296 0,060 C3
0,018 -0,827 C4
-0,823 -0,511 C2
0,596 0,842 C1
0,130 0,810 C3
0,374 -0,454 C1
0,683 -0,424 C1
0,219 0,621 C1
-0,047 0,428 C4
0,138 0,010 C3
-0,741 0,514 C1
-0,616 -0,195 C1
0,943 0,969 C3
0,897 0,398 C2
0,306 -0,481 C1
0,692 0,568 C1
-0,152 -0,497 C1
0,598 -0,236 C1
0,983 -0,126 C4
-0,347 -0,386 C1
-0,662 -0,355 C1
-0,447 -0,662 C2
-0,691 -0,507 C2
0,414 -0,019 C4
0,501 -0,448 C1
0,710 -0,951 C4
-0,675 -0,049 C3
0,393 -0,302 C1
-0,360 0,419 C2
0,754 -0,078 C4
-0,170 0,653 C1
0,554 0,214 C2
-0,157 -0,413 C1
-0,780 0,848 C1
0,074 -0,213 C4
-0,563 0,919 C1
-0,203 0,781 C1
-0,565 -0,709 C2
0,298 0,028 C3
-0,528 -0,745 C2
-0,236 0,707 C1
-0,210 -0,660 C2
0,008 0,554 C3
-0,402 0,934 C1
-0,253 0,269 C2
0,636 -0,813 C2
0,506 -0,088 C1
0,752 -0,391 C1
-0,529 -0,014 C3
0,922 -0,427 C1
0,317 0,464 C2
0,396 -0,041 C4
0,006 0,867 C3
-0,429 -0,937 C2
0,906 0,728 C3
0,954 0,625 C3
0,608 -0,056 C4
-0,435 -0,907 C2
-0,653 0,811 C1
0,728 -0,345 C1
-0,327 -0,057 C3
-0,286 -0,358 C1
0,445 0,269 C2
0,689 -0,758 C2
-0,431 -0,839 C2
0,172 -0,853 C4
-0,760 -0,723 C2
0,392 0,359 C2
-0,452 0,530 C1
0,896 -0,230 C4
-0,228 0,745 C1
-0,824 -0,353 C1
0,964 0,041 C3
-0,535 -0,472 C1
-0,469 -0,813 C2
0,828 0,399 C2
0,551 0,230 C2
-0,077 -0,081 C3
-0,882 -0,465 C1
0,893 0,798 C3
0,675 0,298 C2
-0,338 -0,306 C1
-0,727 -0,129 C1
-0,032 -0,288 C3
0,149 0,526 C1
0,729 0,191 C2
0,688 0,077 C3
-0,535 -0,689 C2
-0,554 -0,822 C2
-0,573 -0,749 C2
-0,231 -0,201 C1
0,570 0,485 C2
-0,022 0,804 C4
-0,438 -0,822 C2
-0,124 -0,215 C3
0,427 -0,326 C1
0,462 -0,027 C4
0,300 -0,606 C2
0,478 0,646 C1
-0,065 0,058 C4
0,358 -0,136 C1
-0,780 0,517 C1
0,121 0,429 C2
0,976 0,268 C3
0,849 0,848 C3
0,862 -0,580 C2
-0,847 0,959 C4
-0,634 -0,190 C1
-0,103 0,212 C4
0,838 0,507 C1
0,730 0,885 C3
-0,628 0,171 C2
-0,446 0,545 C1
-0,602 0,912 C1
-0,197 0,589 C1
0,276 0,255 C2
0,873 0,917 C3
0,241 0,632 C1
-0,510 0,661 C1
-0,911 0,223 C4
0,535 -0,023 C4
0,312 0,688 C1
0,533 -0,452 C1
0,311 -0,932 C4
-0,396 -0,659 C2
0,357 -0,658 C2
0,380 -0,875 C2
-0,619 0,333 C2
0,725 -0,728 C2
0,053 0,124 C3
-0,164 -0,540 C2
-0,625 -0,718 C2
-0,515 0,499 C2
-0,278 -0,057 C3
-0,789 -0,156 C3
0,370 -0,511 C2
0,697 0,289 C2
0,807 0,950 C3
0,409 0,263 C2
-0,052 -0,629 C3
0,895 -0,632 C2
-0,444 -0,055 C3
0,513 -0,055 C1
-0,698 -0,532 C2
0,485 -0,841 C2
0,722 0,122 C2
0,067 -0,666 C4
0,563 -0,555 C2
0,669 -0,078 C4
0,439 -0,264 C1
-0,512 0,918 C1
-0,895 -0,294 C1
-0,490 -0,116 C1
-0,088 0,869 C4
-0,185 0,699 C1
-0,153 0,296 C2
0,335 -0,825 C2
0,085 0,903 C3
-0,650 -0,229 C1
0,869 -0,682 C2
0,042 0,528 C3
0,000 -0,484 C4
-0,340 0,484 C2
0,986 0,503 C3
0,797 -0,964 C4
0,231 -0,917 C4
0,871 -0,051 C4
0,402 0,728 C1
0,161 0,051 C3
-0,527 0,193 C2
-0,777 -0,711 C2
-0,989 -0,660 C3
-0,324 -0,748 C2
-0,869 0,678 C1
-0,545 -0,055 C1
-0,532 -0,095 C1
0,650 0,316 C2
-0,418 0,019 C4
0,731 0,624 C1
-0,211 -0,297 C1
-0,008 -0,764 C3
0,684 -0,716 C2
-0,436 -0,011 C3
0,868 0,666 C1
0,766 0,305 C2
0,061 -0,133 C4
0,451 -0,902 C2
0,091 -0,213 C4
-0,609 -0,934 C3
-0,310 0,197 C2
0,802 -0,235 C1
0,971 -0,968 C4
0,343 0,100 C2
0,428 0,324 C2
-0,862 0,502 C1
0,629 0,736 C1
-0,394 0,447 C2
-0,757 -0,159 C1
0,500 0,536 C1
-0,149 0,105 C4
0,164 0,646 C1
-0,898 0,923 C4
0,576 0,466 C2
0,440 -0,004 C4
0,351 0,917 C1
0,779 -0,532 C2
0,098 -0,382 C1
-0,360 0,453 C2
-0,953 -0,150 C3
-0,876 -0,727 C2
-0,231 0,843 C1
-0,499 0,599 C1
0,341 -0,903 C2
-0,226 0,985 C4
-0,835 -0,402 C1
0,253 -0,527 C2
0,600 0,052 C3
-0,287 -0,830 C2
0,861 -0,502 C2
0,966 -0,903 C4
0,635 -0,737 C2
0,604 -0,746 C2
-0,636 -0,778 C2
0,099 -0,295 C4
-0,923 0,403 C2
-0,567 -0,692 C2
-0,648 -0,356 C1
0,885 -0,620 C2
-0,005 0,047 C4
0,581 -0,271 C1
-0,815 -0,641 C2
-0,081 0,588 C1
0,288 0,195 C2
-0,776 0,668 C1
-0,317 -0,585 C2
-0,178 0,102 C4
0,463 0,524 C1
-0,339 0,766 C1
0,774 -0,036 C4
0,385 0,609 C1
0,014 -0,328 C4
0,044 -0,784 C4
-0,241 0,820 C1
-0,782 -0,056 C3
-0,159 -0,484 C1
0,850 0,468 C2
0,667 0,442 C2
0,590 -0,643 C2
0,855 -0,620 C2
0,404 0,987 C3
0,474 -0,250 C1
-0,090 -0,567 C2
0,277 0,362 C2
0,788 0,413 C2
0,756 0,342 C2
-0,941 -0,577 C3
0,974 -0,428 C4
-0,480 -0,835 C2
0,826 -0,796 C2
0,678 0,552 C1
0,648 -0,027 C4
0,555 -0,885 C2
0,305 -0,222 C1
-0,575 0,647 C1
0,671 -0,278 C1
0,376 -0,733 C2
-0,334 0,394 C2
-0,801 -0,137 C3
0,941 -0,559 C2
-0,834 0,578 C1
0,342 -0,492 C1
-0,611 -0,325 C1
-0,757 0,683 C1
-0,569 -0,978 C3
-0,319 0,896 C1
0,300 -0,626 C2
-0,680 0,005 C4
0,803 -0,222 C1
0,234 -0,927 C4
0,104 0,314 C2
-0,940 0,532 C1
0,230 0,053 C3
-0,351 -0,496 C1
0,880 -0,133 C4
-0,919 0,656 C4
-0,742 -0,558 C2
0,783 -0,086 C4
-0,386 0,648 C1
0,316 -0,371 C1
0,696 0,965 C3
-0,427 -0,035 C3
-0,599 -0,071 C1
-0,818 0,167 C4
-0,381 0,970 C4
0,649 0,883 C1
0,488 -0,598 C2
0,395 0,946 C3
0,330 -0,070 C4
-0,271 0,245 C2
0,318 0,394 C2
0,557 0,848 C1
-0,304 0,840 C1
-0,578 0,058 C4
0,263 0,532 C1
0,298 0,192 C2
0,109 -0,614 C2
-0,781 0,500 C1
0,332 0,438 C2
0,891 -0,196 C4
0,188 0,368 C2
-0,821 -0,718 C2
-0,143 -0,497 C1
-0,926 0,774 C4
0,316 -0,061 C4
0,101 -0,595 C2
-0,149 0,047 C4
-0,932 -0,011 C3
-0,882 -0,841 C3
0,818 0,331 C2
-0,446 -0,753 C2
-0,296 -0,853 C2
0,067 -0,924 C4
-0,352 -0,981 C3
-0,453 0,083 C2
0,978 -0,149 C4
0,529 -0,896 C2
0,021 0,137 C3
0,720 0,277 C2
0,381 0,572 C1
0,804 0,789 C1
-0,172 0,841 C4
0,384 -0,320 C1
0,884 0,843 C3
-0,055 0,279 C4
0,136 0,968 C3
-0,138 -0,084 C3
-0,368 -0,170 C1
0,489 0,709 C1
-0,440 0,220 C2
-0,003 -0,810 C3
-0,968 0,609 C4
-0,373 0,595 C1
-0,173 -0,015 C3
0,186 0,146 C3
0,228 -0,055 C4
-0,219 -0,145 C3
-0,176 0,791 C1
0,821 -0,590 C2
0,722 0,111 C3
-0,898 -0,454 C1
-0,212 -0,903 C3
0,255 0,018 C3
-0,676 0,422 C2
-0,066 0,602 C1
0,192 -0,907 C4
-0,166 0,319 C2
0,507 -0,497 C1
1,000 0,917 C3
-0,644 0,508 C1
-0,084 -0,857 C3
0,781 -0,923 C4
0,691 0,961 C3
-0,149 0,033 C4
0,310 -0,960 C4
-0,256 0,042 C4
0,688 -0,211 C1
0,339 -0,105 C1
0,100 -0,807 C4
0,107 -0,030 C4
0,912 -0,222 C4
0,689 0,375 C2
0,452 -0,728 C2
0,167 -0,195 C4
0,718 -0,288 C1
-0,123 -0,389 C1
-0,360 0,930 C4
0,968 0,488 C3
-0,781 -0,041 C3
0,516 -0,109 C1
0,308 0,898 C1
0,695 -0,470 C1
-0,406 0,374 C2
0,662 0,838 C1
0,744 0,715 C1
0,717 -0,870 C2
0,388 -0,691 C2
0,984 0,366 C3
0,830 -0,987 C4
-0,837 -0,656 C2
0,866 0,641 C1
-0,668 0,103 C2
-0,757 0,977 C4
0,872 0,010 C3
-0,227 -0,903 C3
-0,715 -0,900 C3
-0,528 0,090 C2
-0,831 -0,317 C1
-0,941 0,298 C4
0,359 0,061 C3
0,261 -0,368 C1
-0,991 0,637 C4
0,491 0,949 C3
-0,810 0,087 C4
-0,791 -0,495 C1
0,742 0,188 C2
-0,553 0,366 C2
-0,740 0,979 C4
0,425 -0,092 C1
-1,000 0,001 C4
0,659 -0,835 C2
-0,500 0,519 C1
0,359 -0,834 C2
0,012 0,867 C3
-0,825 0,320 C2
-0,564 -0,188 C1
0,267 0,568 C1
-0,955 0,502 C4
0,405 0,061 C3
0,489 0,796 C1
-0,917 0,453 C2
-0,408 0,306 C2
-0,261 -0,916 C3
-0,525 0,302 C2
0,928 -0,993 C4
-0,554 -0,225 C1
0,948 0,446 C3
-0,603 0,693 C1
0,960 0,204 C3
-0,146 0,232 C2
-0,662 -0,865 C2
0,233 0,011 C3
-0,184 0,186 C2
0,568 0,931 C1
0,465 -0,174 C1
0,545 0,853 C1
0,510 -0,025 C4
-0,189 0,200 C2
0,091 -0,413 C1
-0,496 0,690 C1
0,338 0,895 C1
-0,073 0,269 C4
0,044 -0,556 C4
0,150 -0,727 C2
0,045 -0,700 C4
0,777 0,708 C1
-0,356 0,584 C1
0,619 0,915 C1
-0,650 -0,682 C2
-0,142 -0,017 C3
-0,557 -0,251 C1
0,407 0,939 C3
-0,254 0,173 C2
0,523 -0,480 C1
-0,835 -0,126 C3
-0,222 0,398 C2
0,449 0,364 C2
-0,295 -0,075 C3
0,944 0,407 C3
-0,098 -0,717 C3
-0,670 0,481 C2
0,112 0,485 C2
0,230 0,903 C3
-0,560 -0,126 C1
-0,263 -0,239 C1
0,973 0,937 C3
0,036 -0,554 C4
-0,066 0,621 C4
0,201 0,624 C1
0,112 0,652 C1
-0,373 0,287 C2
-0,408 -0,992 C3
-0,792 0,376 C2
0,396 0,810 C1
0,197 0,638 C1
0,817 -0,764 C2
-0,533 0,026 C4
-0,624 -0,041 C3
-0,440 -0,989 C3
-0,778 -0,801 C2
-0,635 0,734 C1
0,364 0,402 C2
-0,463 0,725 C1
0,721 -0,726 C2
-0,294 0,790 C1
0,098 0,286 C3
-0,718 0,203 C2
0,807 0,723 C1
-0,778 0,232 C2
0,652 -0,046 C4
-0,452 0,590 C1
0,138 0,110 C3
0,853 0,204 C3
-0,670 -0,831 C2
0,655 0,843 C1
-0,859 0,122 C4
0,313 -0,002 C4
-0,110 0,143 C4
0,719 0,958 C3
-0,468 0,355 C2
-0,887 0,333 C2
-0,353 -0,044 C3
0,646 -0,749 C2
0,326 0,247 C2
-0,161 0,898 C4
-0,261 0,917 C4
0,293 -0,240 C1
0,247 0,167 C2
0,257 -0,575 C2
0,183 0,697 C1
0,270 0,710 C1
-0,759 -0,129 C3
0,593 0,644 C1
-0,805 -0,362 C1
-0,104 0,732 C4
-0,754 0,023 C4
-0,794 0,349 C2
-0,298 0,560 C1
-0,020 0,073 C4
0,315 0,291 C2
-0,204 0,499 C2
0,984 0,587 C3
-0,683 -0,635 C2
0,742 0,629 C1
0,271 -0,196 C1
-0,080 -0,948 C3
0,022 0,709 C3
0,916 0,830 C3
-0,540 0,542 C1
0,483 0,359 C2
-0,810 0,805 C1
0,306 -0,884 C2
0,938 0,514 C1
-0,236 -0,147 C1
0,753 -0,369 C1
-0,812 -0,346 C1
-0,557 0,976 C4
0,116 0,196 C3
-0,168 0,806 C4
-0,490 -0,798 C2
0,580 -0,857 C2
-0,233 -0,472 C1
0,446 -0,831 C2
0,646 0,813 C1
0,792 -0,544 C2
0,672 0,783 C1
-0,005 -0,666 C3
-0,321 -0,525 C2
-0,019 -0,849 C3
0,292 -0,076 C4
0,560 0,037 C3
0,351 0,928 C3
-0,465 0,907 C1
-0,515 -0,430 C1
-0,193 0,927 C4
-0,178 0,457 C2
0,049 0,323 C3
-0,217 -0,461 C1
-0,980 -0,867 C3
-0,005 -0,565 C3
-0,459 0,821 C1
-0,073 -0,872 C3
0,627 0,408 C2
0,319 -0,374 C1
0,605 -0,803 C2
-0,262 -0,360 C1
0,482 -0,058 C1
-0,301 0,792 C1
-0,413 -0,508 C2
-0,841 -0,394 C1
-0,896 -0,942 C3
0,422 0,051 C3
0,636 -0,890 C2
-0,406 -0,566 C2
-0,886 -0,118 C3
0,864 -0,416 C1
0,257 -0,814 C2
-0,421 0,812 C1
-0,823 0,853 C4
0,147 0,806 C3
-0,126 -0,901 C3
-0,774 -0,927 C3
-0,110 -0,554 C2
0,876 -0,090 C4
0,814 0,703 C1
-0,083 -0,036 C3
0,290 0,849 C1
-0,367 -0,181 C1
0,121 -0,622 C2
-0,747 -0,219 C1
0,899 0,496 C2
-0,999 0,997 C4
0,676 0,320 C2
0,427 -0,355 C1
0,557 0,344 C2
-0,474 0,345 C2
-0,841 -0,385 C1
-0,153 0,900 C4
-0,302 -0,443 C1
-0,716 -0,568 C2
0,625 0,595 C1
-0,890 -0,996 C3
0,165 -0,108 C4
0,468 0,695 C1
0,660 0,745 C1
-0,765 0,134 C4
-0,809 0,459 C2
0,770 0,935 C3
-0,614 0,984 C4
0,424 -0,255 C1
0,742 -0,207 C1
0,256 -0,597 C2
-0,027 -0,468 C3
-0,401 -0,215 C1
-0,939 -0,810 C3
-0,133 -0,906 C3
-0,296 0,787 C1
0,416 0,933 C1
0,973 0,137 C3
-0,253 0,500 C1
0,151 -0,378 C1
0,562 0,275 C2
-0,749 0,296 C2
0,181 0,960 C3
0,558 -0,640 C2
0,739 -0,826 C2
-0,796 -0,969 C3
-0,930 0,045 C4
-0,867 -0,703 C2
0,955 0,730 C3
0,512 0,697 C1
-0,370 -0,073 C1
0,643 -0,900 C2
0,470 -0,814 C2
0,307 0,085 C3
0,227 -0,420 C1
-0,570 0,675 C1
0,067 0,931 C3
-0,483 -0,746 C2
-0,831 0,816 C4
0,748 -0,843 C2
-0,789 0,315 C2
0,547 0,779 C1
0,640 0,686 C1
0,230 -0,436 C1
0,066 -0,593 C2
0,552 0,946 C3
-0,064 0,556 C1
-0,836 0,366 C2
-0,618 -0,965 C3
0,722 -0,211 C1
0,731 -0,713 C2
0,278 -0,292 C1
-0,213 0,970 C4
0,295 -0,981 C4
0,144 0,408 C2
0,769 0,367 C2
0,180 -0,040 C4
0,332 -0,093 C1
-0,913 0,875 C4
0,431 -0,348 C1
0,592 -0,531 C2
0,683 0,930 C3
-0,452 0,109 C2
0,896 0,393 C2
0,135 0,422 C2
0,027 -0,379 C4
-0,705 0,321 C2
-0,740 0,946 C4
-0,516 0,070 C2
-0,614 0,476 C2
-0,215 0,885 C4
-0,360 -0,304 C1
-0,295 0,136 C2
0,100 0,984 C3
-0,992 0,432 C4
-0,408 0,920 C1
-0,825 -0,171 C3
-0,117 0,921 C4
-0,564 0,724 C1
0,730 0,102 C3
-0,131 0,016 C4
-0,717 -0,148 C1
0,316 -0,081 C4
0,370 -0,249 C1
-0,689 -0,131 C1
-0,340 0,504 C1
-0,899 -0,174 C3
-0,408 -0,348 C1
-0,844 0,650 C1
0,592 -0,886 C2
0,999 -0,058 C4
0,701 0,057 C3
-0,466 0,928 C1
-0,470 0,160 C2
0,336 0,661 C1
-0,254 0,825 C1
0,044 -0,497 C4
-0,504 -0,002 C3
0,711 0,895 C3
-0,491 -0,265 C1
-0,404 0,589 C1
-0,418 -0,187 C1
0,746 -0,478 C1
-0,841 -0,699 C2
0,201 0,366 C2
0,157 -0,937 C4
0,695 -0,406 C1
0,630 -0,721 C2
0,200 0,965 C3
-0,227 0,092 C4
0,074 -0,988 C4
0,703 -0,237 C1
0,485 -0,902 C2
-0,001 0,976 C4
0,078 -0,466 C1
-0,225 -0,705 C2
0,775 0,134 C3
-0,330 0,818 C1
0,595 -0,636 C2
-0,673 -0,314 C1
0,168 0,205 C2
-0,633 -0,323 C1
0,316 -0,624 C2
0,215 0,448 C2
0,882 -0,883 C4
0,340 0,127 C2
-0,360 -0,987 C3
-0,895 0,617 C1
0,318 -0,717 C2
-0,465 -0,966 C3
-0,124 -0,664 C2
0,580 0,562 C1
0,439 0,673 C1
-0,087 0,553 C1
0,571 -0,666 C2
-0,237 0,907 C4
0,791 0,874 C3
0,816 0,584 C1
-0,287 -0,377 C1
0,659 0,103 C2
0,465 0,727 C1
0,802 0,956 C3
-0,976 0,959 C4
0,839 0,374 C2
0,777 -0,227 C1
-0,966 0,475 C4
0,603 -0,386 C1
-0,422 -0,233 C1
0,534 -0,311 C1
-0,878 -0,378 C1
-0,259 -0,409 C1
0,106 -0,127 C4
-0,660 0,318 C2
-0,880 0,189 C4
-0,066 0,908 C4
-0,757 0,404 C2
-0,358 -0,526 C2
-0,726 0,395 C2
-0,187 -0,280 C1
-0,626 -0,739 C2
0,905 0,711 C3
-0,917 0,173 C4
-0,016 -0,062 C3
0,424 0,008 C3
-0,324 0,510 C1
-0,761 0,196 C2
0,656 -0,833 C2
-0,666 -0,291 C1
-0,867 -0,096 C3
0,114 -0,042 C4
0,292 0,295 C2
-0,628 0,986 C4
-0,821 -0,489 C1
0,566 0,772 C1
-0,464 -0,141 C1
-0,458 0,865 C1
-0,871 -0,912 C3
-0,907 0,877 C4
-0,831 -0,563 C2
-0,654 -0,551 C2
-0,388 -0,680 C2
-0,424 0,038 C4
-0,038 0,757 C4
0,203 -0,170 C1
0,430 0,329 C2
0,237 -0,011 C4
-0,064 0,937 C4
-0,069 0,738 C4
0,808 0,593 C1
0,777 0,852 C3
0,778 -0,651 C2
0,879 -0,585 C2
-0,278 -0,615 C2
-0,836 0,296 C2
-0,061 -0,052 C3
-0,461 -0,079 C1
0,805 -0,361 C1
0,013 -0,421 C4
0,260 0,616 C1
-0,253 -0,316 C1
0,715 0,248 C2
-0,879 0,873 C4
0,938 0,029 C3
0,964 0,483 C3
-0,237 -0,831 C2
-0,664 -0,697 C2
0,047 0,897 C3
-0,453 -0,774 C2
-0,851 -0,554 C2
-0,360 0,988 C4
-0,085 0,020 C4
0,383 0,938 C3
0,157 -0,716 C2
0,132 -0,977 C4
0,226 0,554 C1
0,856 -0,845 C4
-0,650 0,642 C1
0,372 0,845 C1
-0,115 0,108 C4
0,678 -0,417 C1
-0,062 0,456 C2
-0,514 0,699 C1
-0,608 -0,138 C1
-0,187 -0,690 C2
-0,706 0,580 C1
-0,636 0,022 C4
0,781 0,765 C1
0,474 0,133 C2
-0,137 0,808 C4
-0,695 0,495 C2
-0,008 -0,966 C3
-0,072 0,625 C1
-0,374 -0,098 C1
-0,460 -0,776 C2
0,976 0,710 C3
0,758 -0,549 C2
0,684 0,490 C2
0,215 -0,937 C4
-0,206 -0,215 C1
0,114 0,151 C3
0,568 0,886 C1
-0,376 -0,557 C2
0,514 0,567 C1
-0,517 -0,896 C2
0,397 0,411 C2
0,718 0,233 C2
0,780 0,373 C2
-0,424 -0,290 C1
-0,818 0,642 C1
0,296 -0,862 C2
-0,371 -0,623 C2
-0,986 0,980 C4
0,238 -0,846 C2
0,636 -0,052 C4
-0,699 0,506 C1
0,676 -0,356 C1
-0,096 0,801 C4
0,799 0,517 C1
0,613 -0,364 C1
-0,170 -0,327 C1
0,631 0,329 C2
0,345 -0,192 C1
-0,202 -0,958 C3
-0,575 -0,345 C1
-0,178 -0,760 C2
-0,205 0,546 C1
-0,400 -0,987 C3
0,334 0,887 C1
0,781 -0,821 C2
-0,199 0,060 C4
0,926 -0,103 C4
-0,282 -0,805 C2
0,629 -0,118 C1
0,695 0,767 C1
-0,649 -0,581 C2
-0,820 -0,439 C1
0,092 -0,295 C4
-0,130 -0,603 C2
-0,611 0,068 C2
-0,038 0,393 C4
-0,301 -0,894 C2
0,240 0,541 C1
0,598 0,592 C1
0,975 -0,033 C4
0,136 0,124 C3
0,973 -0,585 C4
-0,694 0,189 C2
-0,787 0,989 C4
-0,772 -0,187 C1
-0,416 0,802 C1
0,020 -0,144 C4
0,762 0,479 C2
0,340 0,926 C3
0,548 0,078 C2
-0,556 0,539 C1
0,468 -0,736 C2
0,895 0,676 C1
-0,364 -0,055 C3
-0,576 0,222 C2
-0,845 0,267 C2
-0,905 0,334 C2
-0,662 -0,960 C3
-0,887 -0,098 C3
-0,767 -0,579 C2
-0,021 0,631 C4
0,927 -0,072 C4
-0,805 -0,503 C2
0,503 -0,375 C1
0,493 0,449 C2
-0,983 0,182 C4
0,069 -0,790 C4
0,016 0,412 C3
-0,623 -0,873 C2
0,744 -0,801 C2
-0,399 -0,443 C1
0,982 0,167 C3
-0,628 -0,128 C1
0,158 -0,789 C4
0,226 0,374 C2
-0,146 -0,313 C1
0,482 -0,809 C2
0,806 -0,443 C1
-0,003 -0,539 C3
-0,016 -0,391 C3
-0,127 -0,908 C3
0,051 0,673 C3
-0,492 -0,789 C2
0,536 -0,174 C1
0,339 0,832 C1
-0,772 0,530 C1
0,527 0,558 C1
0,692 0,382 C2
-0,797 -0,573 C2
0,380 -0,769 C2
0,659 -0,101 C1
-0,370 0,548 C1
-0,938 0,844 C4
-0,962 -0,605 C3
-0,628 0,253 C2
0,222 -0,223 C1
0,795 0,809 C1
-0,737 0,567 C1
0,328 0,853 C1
0,959 -0,937 C4
-0,080 -0,477 C1
-0,002 -0,583 C3
-0,874 -0,390 C1
0,216 -0,127 C4
-0,433 0,203 C2
0,677 -0,257 C1
0,252 0,457 C2
-0,348 0,249 C2
-0,937 -0,645 C3
0,994 -0,571 C4
0,369 0,430 C2
-0,735 -0,042 C3
0,476 0,942 C1
0,747 -0,605 C2
0,860 -0,457 C1
-0,580 0,626 C1
0,318 -0,799 C2
0,748 0,342 C2
-0,993 -0,007 C3
-0,944 0,676 C4
0,046 -0,221 C4
0,946 0,589 C3
0,112 0,054 C3
0,158 0,607 C1
-0,985 0,036 C4
-0,890 0,695 C1
0,438 0,116 C2
0,608 -0,374 C1
-0,908 0,939 C4
0,672 -0,295 C1
0,898 -0,210 C4
0,543 0,005 C3
-0,729 0,756 C1
-0,310 -0,166 C1
0,139 -0,307 C1
-0,504 0,640 C1
-0,688 0,951 C4
0,247 -0,799 C2
0,817 -0,344 C1
0,728 0,261 C2
-0,307 -0,885 C2
-0,910 -0,160 C3
0,719 0,378 C2
-0,564 -0,532 C2
0,956 0,566 C3
-0,184 0,596 C1
0,654 0,324 C2
0,788 -0,612 C2
0,934 -0,681 C4
0,483 -0,209 C1
0,023 -0,420 C4
0,120 -0,914 C4
-0,743 0,542 C1
0,181 0,538 C1
0,377 -0,269 C1
-0,961 0,088 C4
-0,946 0,321 C4
-0,189 0,470 C2
-0,645 -0,562 C2
-0,322 0,374 C2
-0,167 0,580 C1
0,049 -0,700 C4
-0,026 -0,689 C3
0,869 0,032 C3
-0,869 -0,653 C2
-0,646 0,109 C2
-0,617 0,924 C1
0,657 0,371 C2
-0,258 -0,796 C2
0,727 -0,444 C1
0,951 -0,608 C4
-0,798 -0,220 C1
0,059 -0,291 C4
-0,082 0,291 C4
-0,194 0,756 C1
0,889 0,840 C3
-0,609 0,885 C1
-0,241 -0,204 C1
0,810 0,664 C1
0,248 0,299 C2
-0,006 0,424 C4
-0,578 -0,417 C1
-0,648 -0,728 C2
-0,853 0,377 C2
0,994 -0,824 C4
-0,489 -0,781 C2
-0,675 -0,868 C2
0,655 0,589 C1
0,374 -0,302 C1
0,116 -0,967 C4
-0,834 -0,057 C3
-0,050 -0,222 C3
-0,223 -0,833 C2
-0,776 -0,531 C2
-0,052 0,468 C4
0,696 0,355 C2
0,980 0,795 C3
-0,789 0,104 C4
-0,823 -0,330 C1
0,424 0,904 C1
0,620 -0,963 C4
-0,472 -0,947 C3
0,145 0,177 C3
0,639 -0,765 C2
0,959 -0,654 C4
0,158 0,170 C3
-0,503 -0,453 C1
0,583 -0,249 C1
-0,666 -1,000 C3
0,931 0,804 C3
-0,999 0,496 C4
-0,083 0,535 C1
-0,722 -0,374 C1
0,357 -0,848 C2
-0,571 0,243 C2
0,920 0,982 C3
0,269 0,426 C2
0,304 -0,768 C2
0,908 -0,574 C2
-0,763 -0,028 C3
0,536 -0,155 C1
-0,473 -0,577 C2
-0,837 0,673 C1
-0,305 -0,389 C1
0,446 0,433 C2
-0,163 -0,881 C3
0,649 -0,169 C1
0,259 0,371 C2
0,591 0,988 C3
-0,481 -0,439 C1
-0,286 -0,881 C2
0,792 0,099 C3
0,914 -0,262 C4
-0,487 -0,793 C2
-0,288 0,999 C4
-0,014 -0,171 C3
0,941 0,246 C3
0,814 -0,942 C4
-0,818 0,465 C2
-0,461 -0,438 C1
0,517 0,049 C3
0,576 -0,662 C2
0,144 -0,409 C1
-0,521 -0,716 C2
-0,693 0,572 C1
-0,526 -0,406 C1
-0,096 -0,288 C3
0,366 0,338 C2
-0,223 -0,198 C1
0,025 -0,122 C4
0,765 -0,612 C2
-0,943 0,005 C4
0,361 0,409 C2
0,792 0,967 C3
-0,431 0,436 C2
0,690 -0,373 C1
-0,917 -0,491 C1
0,617 0,806 C1
-0,926 -0,250 C3
0,586 -0,059 C4
-0,951 0,124 C4
0,416 0,287 C2
-0,139 -0,648 C2
-0,098 0,432 C2
-0,120 0,534 C1
-0,586 0,294 C2
0,648 -0,797 C2
0,011 0,437 C3
-0,551 0,182 C2
0,185 -0,461 C1
0,705 0,650 C1
0,850 0,535 C1
0,058 -0,439 C1
0,358 -0,860 C2
0,379 -0,934 C4
-0,245 -0,725 C2
0,610 0,613 C1
0,448 -0,901 C2
0,684 0,266 C2
-0,317 0,728 C1
-0,769 -0,440 C1
0,898 -0,094 C4
0,340 0,531 C1
-0,883 0,522 C1
-0,675 -0,201 C1
-0,871 -0,672 C2
0,702 0,754 C1
0,466 0,022 C3
0,107 0,533 C1
-0,829 0,115 C4
-0,371 -0,889 C2
-0,694 0,166 C2
0,269 -0,877 C2
0,268 0,835 C1
0,454 -0,084 C1
-0,583 0,074 C2
0,641 -0,174 C1
0,736 -0,653 C2
-0,005 0,880 C4
0,245 -0,990 C4
0,461 0,519 C1
-0,665 0,500 C1
-0,217 0,865 C4
0,175 -0,457 C1
0,163 0,304 C2
0,393 0,600 C1
-0,439 -0,605 C2
0,763 0,798 C1
-0,509 0,469 C2
-0,954 0,878 C4
-0,511 -0,320 C1
-0,033 -0,388 C3
-0,818 -0,824 C3
-0,938 0,758 C4
-0,514 0,742 C1
0,333 0,064 C3
-0,553 0,474 C2
-0,057 -0,928 C3
0,661 -0,692 C2
-0,937 0,400 C4
-0,936 0,747 C4
0,261 -0,479 C1
0,866 0,601 C1
0,969 0,662 C3
-0,989 0,545 C4
0,511 -0,315 C1
0,105 0,895 C3
0,398 0,487 C2
0,265 0,911 C3
-0,833 0,650 C1
-0,301 -0,253 C1
0,417 0,472 C2
0,638 0,758 C1
0,069 0,944 C3
-0,066 0,198 C4
0,749 0,284 C2
0,334 -0,353 C1
-0,213 -0,127 C3
0,244 0,915 C3
0,286 0,238 C2
0,297 0,395 C2
0,213 -0,401 C1
-0,108 -0,759 C3
-0,658 0,471 C2
-0,639 0,326 C2
0,229 0,309 C2
-0,416 0,419 C2
-0,766 -0,964 C3
-0,312 0,734 C1
-0,948 0,715 C4
-0,514 -0,113 C1
0,284 -0,768 C2
-0,913 -0,895 C3
0,592 0,763 C1
0,712 0,463 C2
-0,144 -0,667 C2
-0,599 0,007 C4
-1,000 0,927 C4
-0,510 0,485 C2
-0,314 0,505 C1
0,349 0,215 C2
0,483 0,733 C1
-0,027 0,538 C4
0,399 -0,880 C2
-0,039 -0,427 C3
-0,605 0,292 C2
0,895 -0,748 C4
0,878 -0,006 C4
0,072 -0,593 C2
-0,334 0,498 C2
-0,832 0,841 C4
0,936 -0,909 C4
0,187 0,846 C3
-0,325 0,319 C2
-0,124 0,570 C1
-0,418 0,144 C2
-0,500 0,366 C2
-0,157 -0,884 C3
-0,854 -0,899 C3
0,144 -0,644 C2
0,835 -0,985 C4
-0,599 0,285 C2
-0,155 0,837 C4
-0,559 -0,179 C1
-0,152 -0,624 C2
0,093 -0,291 C4
0,214 0,759 C1
-0,701 0,652 C1
-0,052 0,097 C4
-0,144 0,439 C2
0,159 -0,939 C4
0,773 0,928 C3
0,094 0,019 C3
0,960 -0,136 C4
-0,839 0,884 C4
0,639 -0,472 C1
0,876 0,359 C2
0,502 -0,806 C2
-0,446 -0,152 C1
-0,054 0,661 C4
0,086 0,203 C3
0,707 -0,484 C1
-0,757 0,772 C1
-0,285 -0,505 C2
0,398 -0,352 C1
0,031 -0,088 C4
0,879 0,942 C3
-0,758 0,661 C1
0,667 0,310 C2
-0,263 -0,843 C2
-0,065 0,607 C4
-0,128 0,604 C1
0,903 0,677 C1
0,288 -0,620 C2
0,199 0,002 C3
-0,388 0,768 C1
-0,985 -0,253 C3
-0,300 -0,271 C1
-0,229 0,128 C4
-0,510 0,429 C2
-0,942 0,791 C4
-0,193 0,575 C1
-0,175 -0,243 C1
-0,818 -0,395 C1
-0,108 -0,311 C1
0,280 0,045 C3
0,095 -0,301 C4
-0,893 -0,056 C3
-0,065 -0,738 C3
0,227 0,832 C1
-0,636 -0,780 C2
0,912 0,734 C3
-0,008 0,315 C4
-0,824 0,093 C4
0,041 0,703 C3
0,084 0,255 C3
0,013 -0,344 C4
-0,649 -0,997 C3
-0,657 -0,886 C2
-0,717 -0,412 C1
-0,906 -0,691 C3
-0,705 -0,919 C3
-0,430 0,668 C1
0,907 0,671 C1
-0,980 -0,706 C3
-0,917 -0,282 C3
0,478 0,180 C2
0,392 0,927 C1
0,207 0,924 C3
-0,357 -0,437 C1
-0,129 -0,952 C3
-0,203 -0,907 C3
-0,943 0,367 C4
-0,965 -0,660 C3
0,169 -0,469 C1
0,344 -0,974 C4
-0,601 -0,598 C2
0,939 -0,496 C1
0,958 0,065 C3
0,732 0,194 C2
-0,057 -0,267 C3
-0,972 0,728 C4
0,276 0,713 C1
-0,682 -0,658 C2
0,522 -0,970 C4
-0,541 0,633 C1
0,775 -0,468 C1
0,525 -0,633 C2
0,227 0,927 C3
0,268 0,400 C2
0,761 -0,360 C1
-0,801 0,860 C4
0,508 -0,375 C1
-0,896 -0,054 C3
0,638 -0,938 C4
-0,899 0,914 C4
-0,176 0,447 C2
-0,552 0,202 C2
0,257 -0,938 C4
-0,857 0,874 C4
-0,555 0,740 C1
0,220 -0,311 C1
0,326 -0,409 C1
-0,417 -0,537 C2
0,704 0,826 C1
0,526 0,077 C2
-0,862 0,739 C1
-0,027 0,406 C4
0,118 0,379 C2
0,158 -0,308 C1
0,646 0,617 C1
-0,664 0,078 C4
0,593 -0,443 C1
-0,550 -0,949 C3
-0,842 0,979 C4
0,787 1,000 C3
0,229 0,500 C1
-0,906 0,406 C2
-0,209 0,073 C4
-0,395 -0,957 C3
-0,883 -0,617 C2
-0,421 0,025 C4
0,232 -0,302 C1
-0,354 0,120 C2
0,961 0,116 C3
-0,881 -0,531 C2
0,309 0,252 C2
-0,138 -0,196 C3
0,353 0,015 C3
0,058 0,469 C2
-0,572 -0,315 C1
0,747 0,871 C1
0,113 -0,743 C4
-0,907 -0,809 C3
0,011 -0,311 C4
-0,488 -0,973 C3
0,211 -0,197 C1
-0,089 -0,356 C1
-0,258 -0,788 C2
0,946 0,275 C3
0,483 -0,391 C1
0,287 0,777 C1
0,630 -0,573 C2
0,085 0,272 C3
-0,383 0,403 C2
-0,896 -0,576 C2
0,718 -0,325 C1
-0,977 0,827 C4
0,691 0,097 C2
0,305 -0,344 C1
0,552 0,565 C1
-0,457 -0,762 C2
0,911 -0,024 C4
0,337 0,343 C2
-0,498 0,412 C2
-0,436 0,557 C1
0,158 0,211 C3
-0,687 0,764 C1
0,444 0,517 C1
0,842 -0,926 C4
-0,560 0,965 C4
-0,178 0,952 C4
-0,627 -0,623 C2
-0,140 -0,678 C2
0,411 0,366 C2
-0,941 -0,867 C3
-0,901 -0,110 C3
-0,630 0,713 C1
0,761 0,985 C3
-0,187 -0,901 C3
-0,648 0,822 C1
0,678 -0,433 C1
-0,570 -0,920 C2
-0,283 -0,366 C1
-0,685 0,390 C2
0,416 -0,269 C1
0,422 -0,140 C1
0,129 0,228 C3
0,932 -0,338 C4
0,318 0,259 C2
0,217 -0,740 C2
0,039 0,230 C3
0,124 0,678 C1
0,271 -0,325 C1
-0,250 0,356 C2
0,446 0,300 C2
0,518 0,672 C1
-0,189 -0,755 C2
-0,709 0,389 C2
0,845 -0,407 C1
0,207 -0,412 C1
-0,873 0,373 C2
-0,397 0,644 C1
-0,395 -0,565 C2
0,640 -0,796 C2
-0,341 -0,256 C1
-0,692 -0,104 C1
0,342 0,424 C2
-0,203 0,617 C1
0,380 0,169 C2
0,521 -0,974 C4
0,694 0,881 C1
-0,497 0,558 C1
0,998 -0,795 C4
0,487 -0,493 C1
0,285 0,343 C2
0,902 0,107 C3
-0,514 -0,415 C1
0,235 -0,021 C4
-0,832 0,413 C2
0,963 -0,302 C4
0,552 -0,744 C2
0,050 0,857 C3
0,490 0,693 C1
0,165 0,029 C3
0,002 0,368 C3
-0,040 -0,962 C3
-0,239 -0,251 C1
-0,523 -0,541 C2
-0,717 -0,020 C3
-0,634 -0,841 C2
-0,289 0,105 C4
-0,821 0,783 C1
0,928 0,415 C2
-0,560 0,569 C1
0,445 0,108 C2
-0,885 -0,081 C3
-0,899 0,224 C4
0,999 0,215 C3
-0,628 0,188 C2
-0,418 -0,070 C1
0,009 -0,465 C4
-0,832 0,966 C4
0,197 0,491 C2
0,189 0,097 C3
0,528 0,190 C2
0,347 0,561 C1
-0,814 -0,816 C2
0,751 -0,728 C2
0,107 -0,456 C1
0,748 0,317 C2
-0,163 -0,200 C3
-0,412 -0,359 C1
0,694 -0,977 C4
-0,924 -0,969 C3
0,144 -0,055 C4
0,406 -0,812 C2
0,291 0,652 C1
0,819 0,064 C3
-0,321 0,383 C2
-0,629 0,663 C1
-0,453 0,617 C1
0,034 0,534 C3
0,903 -0,920 C4
0,963 -0,358 C4
-0,233 0,628 C1
0,520 0,718 C1
0,278 -0,874 C2
0,697 0,405 C2
0,668 -0,616 C2
-0,141 -0,669 C2
0,068 0,632 C3
0,939 -0,214 C4
-0,709 -0,282 C1
0,899 0,144 C3
0,999 0,673 C3
0,664 -0,124 C1
-0,440 0,192 C2
-0,048 -0,405 C3
-0,624 0,127 C2
-0,760 0,555 C1
-0,816 0,794 C1
-0,745 -0,528 C2
-0,305 -0,110 C1
0,122 0,140 C3
0,803 -0,784 C2
-0,976 -0,443 C3
-0,699 -0,656 C2
0,643 -0,814 C2
-0,399 0,704 C1
-0,176 0,174 C4
-0,762 -0,832 C2
-0,961 0,411 C4
-0,037 0,908 C4
0,922 0,016 C3
-0,929 0,678 C4
-0,698 -0,939 C3
-0,830 -0,692 C2
0,776 0,324 C2
-0,844 0,664 C1
0,472 0,629 C1
0,624 0,844 C1
-0,099 0,499 C2
-0,377 0,420 C2
-0,404 0,795 C1
0,637 -0,826 C2
-0,049 0,613 C4
-0,853 0,097 C4
0,739 -0,334 C1
-0,571 0,633 C1
0,069 0,876 C3
0,487 0,828 C1
0,129 0,986 C3
0,659 -0,598 C2
0,300 -0,869 C2
-0,282 -0,827 C2
-0,159 0,838 C4
0,533 -0,341 C1
0,177 0,698 C1
0,117 -0,677 C2
-0,780 -0,470 C1
-0,629 -0,429 C1
0,458 0,466 C2
-0,290 0,273 C2
0,715 0,886 C1
-0,685 0,844 C1
-0,540 -0,930 C2
-0,322 -0,323 C1
0,688 0,927 C3
-0,147 0,266 C2
0,397 -0,840 C2
0,969 -0,524 C4
0,385 -0,916 C2
-0,238 0,185 C2
0,725 0,326 C2
0,787 0,536 C1
-0,740 -0,513 C2
0,150 -0,828 C4
0,619 0,062 C3
0,913 0,539 C1
0,582 -0,359 C1
0,398 0,277 C2
-0,624 -0,688 C2
0,227 -0,873 C4
-0,581 0,844 C1
0,947 0,210 C3
-0,182 0,605 C1
0,265 0,930 C3
-0,098 -0,935 C3
0,134 0,556 C1
-0,430 0,551 C1
-0,868 0,512 C1
0,018 0,709 C3
0,572 -0,305 C1
0,457 0,568 C1
-0,300 -0,496 C1
0,076 0,649 C3
-0,067 -0,514 C2
-0,784 0,102 C4
0,658 -0,776 C2
-0,528 0,255 C2
-0,584 -0,021 C3
0,222 -0,664 C2
-0,336 -0,053 C3
-0,584 0,737 C1
0,662 0,412 C2
-0,019 -0,632 C3
0,650 0,656 C1
0,854 0,062 C3
0,440 -0,419 C1
-0,224 -0,777 C2
0,133 0,567 C1
-0,982 -0,046 C3
0,025 -0,681 C4
-0,964 0,679 C4
0,297 0,036 C3
0,714 -0,965 C4
0,878 -0,757 C4
-0,226 -0,126 C3
-0,448 -0,459 C1
-0,225 -0,961 C3
-0,048 -0,796 C3
-0,297 0,911 C4
0,304 -0,649 C2
-0,063 -0,796 C3
0,781 -0,064 C4
0,581 -0,699 C2
0,738 -0,768 C2
0,792 -0,540 C2
0,326 0,307 C2
0,721 -0,057 C4
0,577 -0,929 C2
-0,523 -0,183 C1
0,527 -0,758 C2
0,632 -0,413 C1
-0,032 -0,344 C3
0,253 -0,522 C2
-0,561 -0,084 C1
0,318 -0,759 C2
-0,078 0,018 C4
0,255 0,659 C1
-0,061 -0,864 C3
-0,116 -0,203 C3
0,055 -0,285 C4
0,325 0,807 C1
0,049 -0,030 C4
-0,217 0,354 C2
0,791 -0,765 C2
-0,918 0,985 C4
0,132 0,604 C1
-0,688 -0,875 C2
0,622 -0,705 C2
0,161 -0,442 C1
0,433 -0,797 C2
-0,261 -0,387 C1
0,546 0,216 C2
0,887 0,998 C3
-0,263 -0,899 C3
-0,121 -0,155 C3
-0,623 -0,171 C1
-0,424 -0,394 C1
0,305 -0,969 C4
0,803 -0,181 C1
-0,713 0,327 C2
0,107 -0,717 C4
-0,385 -0,683 C2
0,941 0,065 C3
0,608 -0,574 C2
0,465 -0,934 C2
-0,006 0,937 C4
0,840 0,218 C2
0,723 0,789 C1
0,527 0,111 C2
0,712 0,222 C2
0,518 0,860 C1
-0,314 -0,828 C2
-0,466 -0,976 C3
-0,241 -0,450 C1
-0,503 0,538 C1
-0,890 -0,929 C3
-0,582 -0,984 C3
0,185 -0,125 C4
0,391 0,797 C1
0,815 -0,309 C1
0,415 0,204 C2
0,623 0,174 C2
-0,786 -0,604 C2
-0,248 0,035 C4
0,271 -0,412 C1
-0,586 -0,032 C3
-0,545 -0,594 C2
-0,211 -0,406 C1
-0,272 -0,282 C1
0,609 -0,031 C4
0,416 -0,161 C1
-0,911 0,695 C4
0,961 0,854 C3
0,059 0,583 C3
-0,708 -0,371 C1
0,029 -0,113 C4
0,176 0,577 C1
0,771 0,528 C1
-0,935 -0,663 C3
0,860 -0,065 C4
0,658 -0,797 C2
0,779 0,142 C3
0,382 -0,211 C1
0,638 0,959 C3
0,231 -0,877 C4
-0,121 0,070 C4
-0,715 -0,013 C3
-0,632 -0,957 C3
-0,696 -0,761 C2
-0,258 0,021 C4
-0,067 0,118 C4
-0,262 -0,749 C2
0,474 0,034 C3
-0,827 -0,032 C3
0,238 -0,752 C2
-0,662 -0,595 C2
-0,027 0,492 C4
0,576 -0,190 C1
0,740 -0,619 C2
0,859 -0,808 C4
-0,811 -0,908 C3
-0,962 0,854 C4
0,967 -0,034 C4
0,387 0,223 C2
0,944 -0,606 C4
-0,122 -0,313 C1
-0,956 -0,364 C3
0,620 0,526 C1
0,242 0,352 C2
0,002 0,018 C3
-0,625 -0,997 C3
0,612 -0,407 C1
0,800 0,438 C2
0,919 0,894 C3
-0,177 -0,331 C1
0,468 -0,385 C1
0,848 0,887 C3
0,937 0,323 C3
0,064 0,242 C3
0,300 0,805 C1
0,370 0,932 C3
0,680 -0,214 C1
0,462 0,148 C2
-0,261 -0,180 C1
-0,721 0,782 C1
-0,161 -0,620 C2
0,205 0,266 C2
-0,731 0,216 C2
-0,156 0,259 C2
-0,150 -0,577 C2
0,255 0,026 C3
-0,217 0,578 C1
-0,912 0,518 C1
-0,929 0,186 C4
-0,850 -0,501 C2
-0,151 -0,456 C1
-0,122 -0,933 C3
-0,081 -0,804 C3
-0,327 0,234 C2
-0,571 -0,749 C2
0,919 0,440 C2
-0,534 0,971 C4
-0,027 0,093 C4
0,016 -0,066 C4
0,001 0,291 C3
-0,005 -0,548 C3
-0,146 -0,785 C3
0,532 0,372 C2
-0,529 -0,560 C2
0,149 0,472 C2
-0,362 0,355 C2
-0,328 -0,345 C1
0,155 0,429 C2
0,488 0,594 C1
-0,751 -0,680 C2
0,874 -0,621 C2
-0,302 0,552 C1
-0,518 -0,636 C2
0,993 0,006 C3
-0,403 -0,234 C1
-0,311 -0,019 C3
-0,715 0,647 C1
0,881 -0,382 C1
0,161 0,435 C2
0,791 -0,404 C1
-0,999 -0,936 C3
0,276 -0,949 C4
-0,935 0,619 C4
0,611 0,473 C2
0,544 -0,255 C1
0,156 -0,849 C4
-0,612 0,440 C2
-0,958 -0,449 C3
0,735 -0,345 C1
0,340 -0,445 C1
0,646 0,539 C1
0,441 -0,028 C4
0,759 0,533 C1
-0,333 -0,814 C2
0,326 -0,156 C1
-0,866 -0,184 C3
0,790 -0,862 C4
0,281 0,119 C2
-0,814 0,531 C1
0,471 -0,497 C1
-0,795 -0,046 C3
-0,048 -0,520 C3
0,381 -0,653 C2
-0,050 0,021 C4
0,575 0,740 C1
0,673 -0,663 C2
0,490 -0,618 C2
-0,249 -0,701 C2
0,419 0,399 C2
-0,373 0,125 C2
0,594 0,101 C2
-0,552 0,561 C1
-0,443 -0,475 C1
0,100 -0,974 C4
-0,298 -0,014 C3
-0,369 0,281 C2
0,828 0,688 C1
0,867 0,987 C3
-0,969 -0,496 C3
-0,304 0,500 C1
-0,070 0,001 C4
-0,812 0,516 C1
-0,103 0,261 C4
0,175 0,682 C1
0,174 -0,121 C4
0,654 -0,701 C2
0,330 -0,797 C2
-0,383 0,030 C4
0,076 0,984 C3
0,813 -0,205 C1
-0,111 0,505 C1
0,261 0,252 C2
0,858 -0,646 C2
0,761 0,428 C2
0,646 0,389 C2
-0,470 -0,870 C2
0,200 0,415 C2
-0,289 -0,205 C1
0,768 -0,459 C1
-0,300 0,918 C4
0,842 -0,812 C4
-0,103 -0,630 C2
-0,219 0,004 C4
0,044 0,604 C3
0,034 -0,616 C4
-0,845 0,601 C1
-0,833 0,499 C2
0,178 -0,638 C2
0,239 -0,751 C2
-0,028 -0,995 C3
0,718 -0,059 C4
0,391 0,156 C2
0,972 -0,933 C4
0,914 0,885 C3
-0,227 -0,399 C1
0,360 -0,620 C2
0,226 0,028 C3
0,922 -0,349 C4
-0,642 -0,136 C1
-0,254 0,655 C1
-0,464 0,810 C1
-0,816 0,344 C2
0,087 -0,224 C4
0,963 0,481 C3
-0,595 0,666 C1
-0,960 0,963 C4
-0,320 0,724 C1
-0,369 0,284 C2
-0,447 0,088 C2
-0,324 -0,563 C2
0,937 -0,518 C2
0,118 -0,388 C1
-0,739 0,151 C2
0,256 -0,301 C1
0,112 0,590 C1
-0,051 0,697 C4
0,918 -0,429 C1
-0,424 -0,799 C2
0,762 -0,423 C1
-0,149 -0,572 C2
0,832 0,172 C3
0,318 -0,580 C2
-0,649 0,891 C1
-0,264 -0,115 C3
-0,669 0,999 C4
0,560 0,455 C2
0,164 -0,427 C1
0,999 -0,967 C4
-0,766 0,594 C1
0,312 0,628 C1
0,402 -0,335 C1
0,195 0,892 C3
-0,106 0,134 C4
-0,448 0,151 C2
-0,257 -0,835 C2
0,368 -0,408 C1
-0,829 -0,956 C3
0,467 0,416 C2
0,083 0,929 C3
0,070 0,051 C3
-0,055 -0,530 C2
0,443 -0,809 C2
0,717 -0,664 C2
0,485 -0,266 C1
-0,934 0,572 C1
-0,300 -0,855 C2
-0,234 -0,239 C1
-0,039 0,911 C4
-0,987 -0,034 C3
0,439 0,480 C2
0,341 -0,059 C4
0,727 0,164 C2
-0,061 -0,128 C3
0,828 0,193 C3
-0,402 -0,804 C2
0,612 0,505 C1
0,283 -0,502 C2
-0,739 0,507 C1
0,631 -0,925 C2
-0,829 -0,615 C2
-0,327 -0,963 C3
-0,084 -0,676 C3
0,978 -0,451 C4
0,778 -0,860 C4
0,443 0,286 C2
-0,136 0,257 C2
-0,606 0,109 C2
0,986 0,962 C3
-0,209 0,325 C2
0,682 0,700 C1
0,522 -0,751 C2
0,712 -0,642 C2
-0,698 -0,008 C3
-0,102 -0,282 C3
-0,918 0,736 C4
-0,332 -0,769 C2
0,391 -0,094 C1
-0,578 -0,907 C2
-0,694 0,797 C1
-0,137 0,242 C2
-0,931 -0,259 C3
-0,418 0,796 C1
-0,525 0,869 C1
-0,037 0,863 C4
-0,644 -0,917 C2
0,392 0,322 C2
-0,386 -0,045 C3
-0,154 -0,275 C1
-0,341 0,778 C1
0,205 -0,087 C4
0,692 0,756 C1
-0,225 0,210 C2
0,480 -0,057 C1
0,096 0,459 C2
-0,032 0,747 C4
0,255 0,070 C3
0,921 -0,011 C4
-0,065 0,084 C4
-0,446 -0,842 C2
0,903 0,834 C3
-0,354 0,930 C4
-0,576 0,844 C1
-0,306 -0,600 C2
-0,611 0,185 C2
-0,828 -0,983 C3
0,146 0,754 C1
0,789 -0,060 C4
0,903 0,148 C3
0,683 0,312 C2
-0,920 0,450 C2
0,775 0,797 C1
0,465 0,931 C1
-0,091 0,197 C4
-0,057 0,194 C4
-0,900 -0,072 C3
0,913 0,563 C1
-0,966 0,013 C4
0,258 -0,370 C1
-0,741 -0,421 C1
0,385 0,097 C2
-0,905 -0,967 C3
-0,912 -0,258 C3
0,602 -0,613 C2
0,758 -0,924 C4
-0,126 0,796 C4
0,998 -0,208 C4
0,973 0,458 C3
0,626 0,199 C2
-0,109 -0,546 C2
0,029 -0,331 C4
0,626 0,962 C3
-0,855 -0,303 C1
-0,196 0,264 C2
-0,824 0,038 C4
0,802 0,879 C3
0,331 0,767 C1
0,221 0,560 C1
0,212 0,973 C3
-0,589 -0,552 C2
-0,717 -0,362 C1
-0,239 -0,330 C1
-0,434 0,307 C2
-0,712 -0,394 C1
0,158 -0,712 C2
-0,946 0,100 C4
0,382 -0,117 C1
-0,316 -0,773 C2
0,741 0,677 C1
-0,731 -0,011 C3
0,931 -0,942 C4
0,821 -0,650 C2
-0,031 -0,536 C3
-0,210 0,399 C2
-0,933 0,359 C4
0,636 0,729 C1
0,857 -0,397 C1
0,669 0,254 C2
-0,425 0,038 C4
0,153 0,028 C3
-0,068 -0,039 C3
-0,384 0,963 C4
-0,061 0,385 C4
-0,694 -0,228 C1
-0,463 0,174 C2
0,461 -0,383 C1
0,308 -0,827 C2
0,525 -0,232 C1
-0,916 -0,709 C3
0,239 0,492 C2
-0,752 0,336 C2
0,874 0,126 C3
-0,252 -0,522 C2
-0,614 -0,888 C2
0,270 -0,893 C4
-0,863 -0,753 C2
-0,044 -0,988 C3
-0,147 -0,481 C1
-0,982 0,212 C4
-0,118 0,158 C4
0,525 0,132 C2
-0,610 -0,388 C1
-0,442 -0,545 C2
0,236 -0,521 C2
0,308 -0,096 C4
0,751 -0,588 C2
0,215 -0,965 C4
0,877 0,906 C3
-0,168 0,223 C2
0,087 0,929 C3
-0,901 -0,714 C3
0,573 -0,360 C1
-0,447 0,278 C2
-0,563 -0,042 C3
0,567 0,179 C2
-0,506 -0,567 C2
-0,931 -0,595 C2
-0,124 -0,440 C1
0,719 0,880 C1
0,486 0,043 C3
-0,063 0,088 C4
0,640 0,259 C2
0,239 0,945 C3
-0,516 -0,180 C1
-0,435 0,070 C2
-0,679 -0,955 C3
0,852 0,310 C2
0,374 -0,148 C1
-0,945 -0,983 C3
-0,894 0,167 C4
-0,943 -0,849 C3
-0,309 0,640 C1
-0,122 -0,997 C3
0,948 -0,595 C4
-0,176 0,872 C4
0,809 -0,343 C1
0,752 -0,821 C2
-0,451 -0,020 C3
-0,520 0,042 C4
-0,508 0,266 C2
-0,793 -0,561 C2
0,075 0,655 C3
-0,819 -0,091 C3
-0,949 -0,513 C3
0,006 -0,368 C4
-0,353 0,630 C1
0,004 -0,710 C4
-0,296 -0,127 C1
0,749 -0,067 C4
-0,184 -0,145 C3
-0,019 0,075 C4
-0,774 -0,623 C2
-0,155 0,338 C2
-0,533 -0,906 C2
0,206 0,397 C2
0,469 0,477 C2
-0,681 0,958 C4
-0,101 -0,325 C1
-0,495 0,563 C1
-0,082 0,097 C4
0,871 -0,251 C1
-0,803 0,236 C2
-0,880 -0,729 C2
0,115 0,863 C3
0,051 0,647 C3
-0,590 0,961 C4
0,346 0,350 C2
-0,566 0,118 C2
0,465 0,682 C1
-0,428 0,838 C1
-0,866 -0,735 C2
-0,479 -0,241 C1
-0,499 -0,414 C1
0,116 0,268 C3
0,292 -0,010 C4
-0,496 -0,544 C2
-0,753 -0,359 C1
-0,127 0,007 C4
0,108 0,486 C2
0,967 0,105 C3
0,975 -0,913 C4
-0,508 -0,155 C1
-0,023 0,997 C4
0,674 -0,547 C2
0,852 -0,740 C2
0,888 0,725 C3
0,913 -0,360 C1
-0,999 -0,236 C3
0,398 -0,166 C1
-0,915 0,038 C4
-0,271 0,358 C2
-0,855 0,128 C4
-0,405 0,013 C4
0,713 -0,265 C1
0,076 -0,783 C4
-0,683 -0,468 C1
-0,453 0,337 C2
0,341 0,601 C1
-0,436 0,210 C2
-0,685 -0,808 C2
-0,898 -0,116 C3
-0,228 -0,486 C1
-0,267 -0,700 C2
0,158 -0,199 C4
-0,035 -0,909 C3
0,547 -0,118 C1
0,774 -0,774 C2
0,790 -0,685 C2
-0,533 -0,872 C2
-0,052 0,539 C4
-0,410 -0,212 C1
-0,758 -0,285 C1
-0,613 0,869 C1
-0,001 -0,640 C3
0,050 0,749 C3
-0,885 0,762 C4
-0,983 -0,187 C3
-0,795 0,595 C1
0,071 -0,681 C4
-0,261 -0,812 C2
0,980 0,048 C3
0,039 -0,483 C4
-0,410 -0,794 C2
-0,016 -1,000 C3
-0,756 0,293 C2
-0,421 0,329 C2
0,368 -0,308 C1
-0,719 0,613 C1
0,235 0,398 C2
0,099 -0,484 C1
-0,869 0,848 C4
-0,812 -0,638 C2
-0,019 -0,717 C3
0,922 0,792 C3
-0,430 -0,940 C2
0,533 -0,357 C1
0,823 -0,770 C2
0,372 -0,340 C1
0,361 -0,644 C2
-0,942 -0,615 C3
0,390 0,693 C1
-0,709 -0,810 C2
-0,412 -0,300 C1
0,327 0,858 C1
-0,767 0,336 C2
-0,745 0,117 C4
0,640 -0,658 C2
0,663 -0,082 C4
-0,166 0,895 C4
-0,650 -0,428 C1
-0,956 0,640 C4
0,859 0,713 C1
0,515 0,620 C1
-0,813 -0,124 C3
-0,506 -0,701 C2
-0,487 0,602 C1
-0,798 0,575 C1
0,678 -0,323 C1
-0,152 -0,065 C3
0,967 0,576 C3
-0,041 -0,156 C3
-0,976 0,422 C4
-0,188 0,024 C4
-0,961 -0,179 C3
-0,244 -0,151 C1
0,367 -0,324 C1
0,629 -0,123 C1
-0,001 -0,758 C3
0,004 -0,607 C4
-0,424 -0,906 C2
0,199 -0,933 C4
0,592 -0,270 C1
-0,925 -0,212 C3
0,785 -0,977 C4
-0,252 0,937 C4
-0,738 0,753 C1
0,229 0,489 C2
-0,558 -0,381 C1
-0,568 0,231 C2
-0,767 -0,541 C2
0,160 0,035 C3
-0,110 0,159 C4
-0,947 0,713 C4
0,583 -0,118 C1
0,719 0,747 C1
0,777 -0,220 C1
0,454 -0,324 C1
-0,943 0,091 C4
0,275 0,668 C1
-0,018 0,268 C4
0,105 0,694 C1
-0,026 0,137 C4
-0,352 0,506 C1
-0,875 0,710 C1
-0,131 0,652 C1
0,327 -0,470 C1
0,592 0,972 C3
-0,728 0,848 C1
-0,955 0,108 C4
0,910 -0,367 C1
0,379 0,838 C1
-0,061 0,779 C4
-0,642 -0,583 C2
-0,845 -0,164 C3
0,214 0,285 C2
-0,852 -0,710 C2
0,807 0,655 C1
0,240 0,677 C1
-0,078 -0,347 C3
0,944 -0,443 C4
-0,009 -0,638 C3
-0,992 0,155 C4
0,637 0,596 C1
0,529 -0,790 C2
-0,120 0,415 C2
0,220 -0,566 C2
-0,945 0,814 C4
-0,048 -0,179 C3
0,855 0,890 C3
-0,219 0,825 C1
-0,761 -0,972 C3
-0,820 0,761 C1
-0,706 -0,287 C1
0,692 0,506 C1
0,930 -0,326 C4
0,271 0,094 C3
-0,040 -0,910 C3
0,704 0,772 C1
0,838 0,908 C3
0,379 0,637 C1
0,051 0,234 C3
-0,091 -0,211 C3
-0,502 0,954 C4
0,353 0,686 C1
-0,146 -0,254 C1
-0,163 0,791 C1
0,927 0,554 C1
-0,182 0,015 C4
-0,328 -0,824 C2
-0,984 -0,542 C3
-0,451 -0,636 C2
0,789 0,707 C1
0,913 0,707 C3
-0,586 -0,182 C1
0,616 -0,533 C2
0,109 -0,856 C4
-0,924 0,736 C4
-0,308 -0,575 C2
0,718 -0,096 C4
0,304 0,044 C3
-0,277 0,174 C2
0,786 -0,206 C1
-0,114 0,080 C4
0,800 -0,177 C1
-0,533 -0,297 C1
0,965 0,128 C3
0,243 -0,771 C2
0,881 0,766 C3
0,527 -0,063 C1
-0,765 -0,789 C2
0,203 -0,268 C1
0,257 -0,520 C2
-0,559 0,468 C2
-0,292 0,000 C4
-0,174 0,020 C4
0,634 0,942 C3
0,166 0,097 C3
-0,600 -0,033 C3
0,067 0,031 C3
0,323 -0,910 C2
0,999 -0,778 C4
-0,187 -0,530 C2
0,400 0,755 C1
-0,417 0,336 C2
-0,538 0,309 C2
0,586 0,604 C1
-0,421 -0,735 C2
-0,886 -0,345 C1
-0,334 -0,364 C1
-0,429 -0,156 C1
-0,873 -0,193 C3
-0,049 -0,026 C3
0,492 -0,893 C2
-0,294 -0,452 C1
0,578 0,038 C3
-0,159 0,464 C2
0,403 0,825 C1
-0,751 -0,070 C3
-0,557 -0,725 C2
-0,888 0,041 C4
-0,307 -0,682 C2
0,121 0,447 C2
-0,576 0,776 C1
0,052 0,881 C3
-0,480 0,858 C1
-0,628 -0,262 C1
-0,520 0,465 C2
-0,164 -0,900 C3
-0,748 0,126 C4
-0,876 0,204 C4
0,014 0,289 C3
0,164 -0,143 C4
-0,727 -0,363 C1
0,731 -0,874 C2
0,678 -0,562 C2
0,956 0,098 C3
-0,284 0,824 C1
-0,656 0,821 C1
-0,933 -0,972 C3
0,667 -0,075 C4
0,351 -0,599 C2
-0,387 -0,264 C1
0,907 -0,468 C1
0,090 -0,861 C4
-0,728 -0,219 C1
-0,197 0,637 C1
0,289 -0,770 C2
-0,103 0,880 C4
-0,060 -0,334 C3
0,267 -0,939 C4
0,921 0,279 C3
0,549 -0,489 C1
-0,352 0,675 C1
0,916 -0,926 C4
0,450 0,585 C1
0,743 0,879 C3
-0,438 -0,112 C1
-0,896 0,023 C4
-0,534 0,629 C1
-0,932 -0,081 C3
-0,935 0,523 C1
0,152 -0,511 C2
0,976 0,616 C3
-0,815 -0,804 C2
-0,612 -0,378 C1
-0,344 -0,124 C1
0,862 0,891 C3
-0,503 0,434 C2
-0,796 0,556 C1
-0,342 -0,763 C2
-0,901 -0,583 C2
0,037 -0,660 C4
0,214 0,489 C2
-0,212 0,817 C1
-0,624 0,312 C2
0,069 0,097 C3
-0,381 -0,538 C2
-0,437 0,532 C1
-0,841 0,920 C4
-0,215 -0,217 C1
0,799 0,720 C1
-0,832 -0,858 C3
-0,792 -0,299 C1
0,395 0,693 C1
-0,449 -0,937 C2
-0,750 0,235 C2
-0,896 -0,642 C2
0,889 0,009 C3
0,763 -0,419 C1
-0,475 0,299 C2
-0,589 -0,981 C3
0,808 -0,363 C1
-0,423 0,928 C1
-0,665 -0,859 C2
-0,213 0,083 C4
0,456 0,115 C2
-0,270 -0,543 C2
0,669 -0,305 C1
-0,434 0,343 C2
-0,805 -0,524 C2
0,056 -0,995 C4
-0,376 -0,115 C1
-0,899 0,408 C2
0,641 0,699 C1
-0,072 -0,109 C3
-0,186 -0,402 C1
0,533 -0,880 C2
0,948 -0,040 C4
-0,203 -0,235 C1
0,790 -0,934 C4
-0,458 0,628 C1
0,672 0,249 C2
-0,076 0,364 C2
0,190 -0,997 C4
-0,907 -0,867 C3
0,160 -0,817 C4
0,912 -0,064 C4
0,051 -0,319 C4
0,266 -0,102 C4
0,887 -0,236 C4
-0,303 -0,892 C2
-0,539 -0,202 C1
-0,195 -0,927 C3
0,714 0,747 C1
0,290 0,344 C2
-0,419 0,487 C2
-0,793 0,116 C4
-0,350 0,838 C1
-0,247 -0,264 C1
0,950 -0,919 C4
-0,098 -0,846 C3
0,379 0,444 C2
0,641 0,904 C1
0,931 -0,628 C4
-0,677 -0,507 C2
0,541 -0,069 C1
-0,542 -0,018 C3
-0,806 -0,001 C3
-0,458 0,674 C1
-0,436 0,420 C2
0,550 0,310 C2
-0,795 0,359 C2
-0,447 -0,044 C3
-0,298 0,047 C4
0,300 -0,661 C2
-0,188 -0,066 C3
0,228 -0,070 C4
0,852 -0,698 C2
-0,507 0,441 C2
-0,736 0,325 C2
-0,457 -0,940 C2
-0,282 -0,441 C1
0,271 0,886 C3
0,222 -0,591 C2
0,734 0,417 C2
-0,057 -0,728 C3
0,257 0,052 C3
0,697 0,049 C3
-0,281 -0,429 C1
0,912 0,391 C2
0,062 -0,909 C4
0,192 -0,449 C1
0,343 -0,291 C1
-0,846 -0,450 C1
-0,289 0,762 C1
0,833 0,682 C1
0,770 0,377 C2
-0,550 0,303 C2
0,267 -0,128 C1
-0,257 0,474 C2
-0,281 -0,052 C3
-0,903 0,275 C4
-0,631 0,896 C1
-0,463 -0,745 C2
-0,882 0,906 C4
0,122 0,482 C2
-0,704 -0,275 C1
0,414 -0,574 C2
0,243 -0,653 C2
0,662 -0,751 C2
-0,304 -0,792 C2
0,069 -0,699 C4
-0,558 -0,302 C1
0,203 0,194 C2
0,181 -0,816 C4
0,390 0,052 C3
-0,882 0,626 C1
-0,037 0,541 C4
0,597 -0,967 C4
0,736 -0,776 C2
-0,170 0,302 C2
-0,752 0,692 C1
0,991 0,422 C3
0,505 0,629 C1
0,080 0,792 C3
-0,652 0,394 C2
-0,958 -0,098 C3
0,620 -0,512 C2
-0,377 0,172 C2
0,234 -0,864 C4
0,021 -0,736 C4
0,628 -0,377 C1
0,021 -0,818 C4
0,131 0,454 C2
-0,742 0,163 C2
-0,874 0,249 C4
0,523 0,705 C1
-0,089 -0,270 C3
-0,518 0,424 C2
0,438 -0,588 C2
0,357 -0,828 C2
-0,842 0,753 C1
-0,542 0,640 C1
-0,391 -0,482 C1
0,046 -0,891 C4
0,753 -0,185 C1
-0,135 -0,775 C3
-0,904 -0,460 C1
0,444 -0,517 C2
-0,132 -0,537 C2
-0,483 -0,122 C1
-0,156 0,464 C2
0,868 -0,760 C4
-0,609 -0,864 C2
-0,315 -0,376 C1
0,824 -0,653 C2
0,885 -0,520 C2
0,943 0,868 C3
0,577 0,005 C3
0,590 0,950 C3
0,160 -0,901 C4
0,913 -0,980 C4
-0,205 0,804 C1
-0,106 0,317 C2
-0,971 -0,607 C3
0,222 -0,458 C1
0,004 0,759 C3
0,010 0,921 C3
-0,536 -0,873 C2
0,903 0,680 C1
-0,028 -0,866 C3
-0,958 -0,983 C3
-0,511 0,865 C1
-0,026 -0,782 C3
-0,359 -0,293 C1
0,202 -0,280 C1
0,186 -0,016 C4
-0,380 0,380 C2
-0,040 0,791 C4
-0,190 -0,043 C3
-0,991 -0,259 C3
0,191 -0,693 C2
-0,176 -0,791 C2
0,602 -0,040 C4
0,280 0,958 C3
-0,815 -0,314 C1
-0,322 0,821 C1
-0,179 0,234 C2
-0,523 -0,479 C1
-0,981 0,552 C4
0,073 -0,849 C4
-0,485 -0,967 C3
0,184 0,682 C1
-0,839 -0,480 C1
-0,224 0,935 C4
0,503 0,316 C2
-0,566 0,383 C2
-0,038 -0,194 C3
-0,060 -0,994 C3
-0,474 -0,132 C1
0,591 0,315 C2
0,418 -0,735 C2
0,242 0,832 C1
-0,738 -0,199 C1
0,868 -0,815 C4
-0,003 0,379 C4
-0,071 -0,767 C3
-0,931 -0,961 C3
-0,882 -0,144 C3
-0,347 0,620 C1
-0,744 0,326 C2
0,619 -0,483 C1
0,647 0,378 C2
-0,777 0,969 C4
0,947 0,589 C3
0,879 0,823 C3
-0,565 0,748 C1
-0,542 0,460 C2
0,976 0,086 C3
-0,690 -0,187 C1
0,376 0,224 C2
-0,807 0,622 C1
-0,764 0,358 C2
0,616 0,303 C2
0,944 0,446 C3
-0,687 -0,602 C2
-0,529 -0,747 C2
0,864 -0,614 C2
-0,974 -0,750 C3
-0,458 -0,281 C1
0,219 -0,935 C4
-0,593 -0,866 C2
-0,436 -0,899 C2
-0,610 -0,692 C2
0,470 0,748 C1
-0,332 -0,502 C2
-0,853 0,335 C2
-0,943 -0,552 C2
-0,787 -0,310 C1
0,550 0,055 C3
0,692 -0,958 C4
-0,453 -0,498 C1
-0,850 -0,460 C1
-0,987 0,941 C4
-0,025 0,363 C4
-0,179 0,755 C1
-0,548 -0,056 C1
-0,833 0,763 C1
-0,081 0,191 C4
0,403 -0,184 C1
0,633 -0,323 C1
0,156 -0,407 C1
-0,733 -0,160 C1
-0,443 0,243 C2
0,369 0,624 C1
0,035 0,241 C3
-0,438 -0,886 C2
-0,138 -0,683 C2
0,408 0,358 C2
-0,130 0,918 C4
0,180 -0,605 C2
-0,185 0,988 C4
-0,423 -0,396 C1
-0,628 -0,857 C2
-0,404 -0,166 C1
0,987 -0,147 C4
0,360 -0,152 C1
0,521 0,266 C2
0,012 0,586 C3
0,119 0,768 C3
0,493 -0,512 C2
0,828 0,350 C2
0,030 -0,905 C4
-0,406 0,190 C2
0,606 0,511 C1
-0,832 0,325 C2
0,122 0,911 C3
0,727 0,654 C1
0,062 -0,524 C2
0,438 0,276 C2
0,334 -0,769 C2
0,449 0,947 C3
-0,165 0,760 C1
0,684 -0,434 C1
0,865 -0,553 C2
-0,880 -0,529 C2
-0,486 0,469 C2
-0,201 0,045 C4
-0,046 0,308 C4
-0,539 -0,940 C2
-0,654 0,207 C2
0,424 0,051 C3
-0,159 0,037 C4
-0,135 0,078 C4
-0,400 0,963 C4
-0,773 0,130 C4
0,503 -0,303 C1
-0,255 -0,992 C3
0,473 0,808 C1
0,436 -0,572 C2
0,293 -0,579 C2
-0,030 -0,038 C3
0,262 -0,233 C1
-0,854 0,566 C1
0,697 -0,249 C1
-0,064 0,513 C1
-0,397 -0,709 C2
-0,274 0,503 C1
0,969 0,243 C3
0,381 -0,888 C2
-0,828 0,079 C4
0,481 -0,680 C2
-0,400 0,746 C1
-0,357 0,959 C4
-0,521 0,643 C1
-0,416 0,199 C2
-0,728 -0,662 C2
0,745 0,657 C1
0,092 -0,026 C4
-0,701 -0,060 C3
0,252 0,738 C1
-0,569 -0,759 C2
-0,023 0,970 C4
-0,520 0,287 C2
0,010 0,217 C3
-0,932 0,234 C4
0,497 0,820 C1
-0,542 0,074 C2
0,256 0,529 C1
-0,807 0,279 C2
0,059 0,497 C2
-0,465 0,719 C1
0,578 -0,837 C2
0,409 0,582 C1
0,406 -0,316 C1
-0,469 0,962 C4
0,377 0,375 C2
-0,681 -0,077 C3
-0,904 0,005 C4
0,085 0,925 C3
-0,116 0,849 C4
-0,763 0,309 C2
0,867 0,256 C2
0,753 0,500 C2
0,749 -0,381 C1
-0,472 0,467 C2
0,251 0,498 C2
-0,674 0,928 C4
0,838 -0,098 C4
0,590 0,343 C2
-0,952 -0,676 C3
-0,747 0,983 C4
0,735 0,907 C3
0,756 -0,484 C1
-0,869 0,383 C2
0,571 0,613 C1
0,731 -0,688 C2
-0,342 0,014 C4
-0,639 0,356 C2
0,327 -0,873 C2
-0,975 -0,849 C3
-0,022 -0,589 C3
-0,612 0,951 C4
-0,893 0,025 C4
0,324 -0,886 C2
-0,063 -0,739 C3
0,590 0,212 C2
-0,987 0,470 C4
-0,955 -0,095 C3
0,342 0,960 C3
-0,533 -0,539 C2
-0,827 0,020 C4
0,961 -0,754 C4
0,574 -0,067 C1
-0,558 -0,467 C1
-0,279 0,749 C1
-0,771 0,314 C2
-0,488 -0,320 C1
-0,793 -0,403 C1
0,061 -0,847 C4
-0,474 -0,987 C3
0,045 -0,334 C4
-0,508 -0,153 C1
0,183 -0,631 C2
0,244 0,306 C2
-0,412 -0,701 C2
-0,518 -0,402 C1
0,847 -0,881 C4
-0,422 0,043 C4
-0,211 0,308 C2
0,941 0,923 C3
-0,529 0,547 C1
-0,266 0,189 C2
0,493 -0,276 C1
0,575 0,855 C1
-0,231 -0,367 C1
-0,536 0,187 C2
-0,054 -0,636 C3
-0,845 0,421 C2
0,348 0,249 C2
-0,356 -0,693 C2
-0,789 -0,785 C2
-0,517 0,249 C2
0,741 0,067 C3
0,750 0,236 C2
-0,186 -0,542 C2
0,417 0,379 C2
0,712 -0,491 C1
-0,302 0,945 C4
-0,245 0,989 C4
0,857 0,034 C3
0,031 -0,268 C4
0,771 -0,092 C4
0,175 -0,743 C2
-0,156 -0,442 C1
-0,618 -0,761 C2
-0,887 -0,890 C3
-0,752 0,974 C4
0,754 -0,456 C1
0,602 -0,884 C2
-0,360 -0,015 C3
-0,898 -0,136 C3
0,907 -0,792 C4
-0,010 0,131 C4
-0,897 -0,612 C2
0,004 -0,050 C4
0,914 -0,479 C1
0,118 0,971 C3
0,524 0,044 C3
-0,593 -0,864 C2
0,509 0,279 C2
-0,767 -0,251 C1
-0,747 0,517 C1
-0,011 -0,208 C3
-0,250 0,344 C2
-0,863 0,566 C1
0,500 -0,331 C1
0,335 0,914 C1
0,055 0,618 C3
0,254 -0,586 C2
-0,673 -0,150 C1
0,538 0,053 C3
0,738 -0,045 C4
0,481 0,975 C3
-0,159 -0,421 C1
0,658 0,637 C1
-0,526 -0,803 C2
0,386 -0,014 C4
0,589 0,376 C2
0,730 -0,393 C1
-0,578 -0,229 C1
-0,689 -0,243 C1
0,011 -0,424 C4
0,791 -0,683 C2
-0,379 0,902 C1
-0,948 0,144 C4
-0,798 -0,555 C2
0,280 0,574 C1
0,709 -0,635 C2
-0,103 -0,145 C3
-0,770 0,728 C1
0,064 0,355 C3
-0,981 -0,066 C3
0,035 -0,741 C4
0,767 -0,114 C4
-0,651 0,271 C2
0,667 -0,787 C2
-0,403 0,101 C2
0,894 -0,301 C1
-0,216 0,171 C2
-0,620 0,346 C2
0,923 -0,531 C2
-0,404 0,662 C1
0,145 -0,609 C2
-0,500 -0,709 C2
-0,936 -0,861 C3
0,699 -0,345 C1
-0,777 0,127 C4
0,844 0,770 C1
0,945 0,063 C3
0,757 0,740 C1
-0,299 -0,843 C2
0,922 -0,189 C4
0,165 -0,846 C4
0,769 0,629 C1
0,163 -0,288 C1
0,399 0,863 C1
0,981 -0,246 C4
-0,505 0,324 C2
-0,286 0,670 C1
-0,399 0,886 C1
-0,355 0,231 C2
-0,378 0,797 C1
0,117 -0,520 C2
-0,594 -0,488 C1
0,005 0,969 C3
-0,933 0,134 C4
-0,171 0,173 C4
0,882 0,416 C2
-0,976 0,719 C4
-0,719 0,549 C1
0,894 0,706 C1
0,695 -0,650 C2
0,694 0,736 C1
0,593 -0,117 C1
-0,762 0,466 C2
-0,516 -0,019 C3
-0,251 -0,579 C2
-0,635 -0,217 C1
-0,408 -0,761 C2
0,155 0,595 C1
-0,510 -0,714 C2
0,963 -0,385 C4
0,003 -0,804 C4
0,355 -0,972 C4
-0,900 -0,000 C3
0,470 -0,663 C2
-0,297 -0,472 C1
0,284 -0,219 C1
0,859 -0,040 C4
-0,606 0,080 C2
-0,045 -0,762 C3
-0,601 0,145 C2
0,862 0,420 C2
-0,335 -0,038 C3
0,418 -0,697 C2
-0,365 -0,595 C2
0,001 0,526 C3
-0,304 0,792 C1
-0,424 0,919 C1
0,249 0,709 C1
-0,730 0,788 C1
-0,583 0,764 C1
0,797 -0,118 C4
0,600 -0,982 C4
0,777 0,510 C1
-0,184 0,952 C4
-0,267 0,276 C2
-0,199 0,703 C1
-0,771 -0,549 C2
-0,225 -0,479 C1
-0,083 -0,418 C1
0,484 0,834 C1
0,112 -0,355 C1
0,739 0,889 C3
-0,344 0,112 C2
-0,310 0,973 C4
0,332 -0,313 C1
0,130 -0,209 C4
0,645 0,206 C2
-0,689 -0,649 C2
0,616 -0,975 C4
-0,693 0,185 C2
-0,968 -0,956 C3
-0,588 0,744 C1
0,665 -0,139 C1
-0,641 0,220 C2
-0,844 -0,901 C3
0,306 -0,941 C4
-0,291 -0,912 C3
0,031 -0,847 C4
0,607 0,295 C2
-0,722 -0,349 C1
0,924 0,377 C2
-0,300 -0,023 C3
0,840 -0,275 C1
-0,494 0,763 C1
-0,027 -0,994 C3
-0,532 0,825 C1
0,180 0,438 C2
-0,086 0,101 C4
-0,168 -0,711 C2
0,147 0,715 C1
-0,280 0,260 C2
-0,569 -0,456 C1
0,023 0,607 C3
-0,774 -0,882 C3
-0,640 0,830 C1
-0,530 0,237 C2
0,390 0,923 C1
-0,289 -0,019 C3
-0,974 0,175 C4
0,275 -0,072 C4
-0,370 0,410 C2
0,182 -0,658 C2
0,981 0,956 C3
0,276 0,304 C2
0,944 0,358 C3
-0,648 -0,511 C2
-0,954 -0,722 C3
0,554 0,273 C2
-0,637 -0,116 C1
0,957 -0,286 C4
-0,445 -0,582 C2
-0,903 -0,297 C3
-0,410 -0,884 C2
-0,094 0,166 C4
0,896 0,195 C3
-0,341 0,930 C4
-0,490 0,537 C1
0,255 -0,961 C4
-0,365 0,782 C1
-0,285 0,517 C1
0,926 -0,081 C4
-0,164 0,387 C2
-0,665 -0,227 C1
-0,740 -0,789 C2
-0,466 0,927 C1
-0,901 0,230 C4
-0,506 -0,979 C3
-0,983 -0,197 C3
0,652 0,855 C1
-0,888 0,311 C2
0,260 -0,628 C2
0,999 0,705 C3
-0,180 -0,798 C2
-0,439 -0,183 C1
-0,024 0,784 C4
0,287 -0,557 C2
0,021 -0,178 C4
0,048 -0,258 C4
-0,976 0,529 C4
0,432 0,983 C3
-0,034 -0,731 C3
-0,956 0,129 C4
0,922 0,192 C3
-0,100 0,835 C4
0,674 0,571 C1
0,425 -0,586 C2
0,184 0,965 C3
-0,349 0,220 C2
0,396 -0,803 C2
-0,308 -0,709 C2
0,042 -0,570 C4
0,111 0,215 C3
0,831 0,239 C2
0,701 0,119 C2
-0,157 0,418 C2
-0,460 -0,208 C1
0,523 0,948 C3
0,988 0,716 C3
-0,377 -0,183 C1
-0,861 0,902 C4
0,372 0,685 C1
-0,351 0,606 C1
0,198 0,275 C2
-0,900 0,369 C2
-0,757 -0,954 C3
0,126 0,255 C3
0,951 0,614 C3
0,230 -0,746 C2
0,813 0,514 C1
-0,776 -0,357 C1
0,429 -0,519 C2
-0,189 -0,446 C1
0,013 0,280 C3
-0,784 -0,346 C1
0,835 -0,723 C2
-0,093 -0,373 C1
0,666 -0,890 C2
-0,003 0,166 C4
0,576 -0,303 C1
-0,558 -0,399 C1
-0,737 -0,957 C3
0,892 -0,496 C1
-0,892 -0,606 C2
0,098 0,113 C3
-0,780 0,560 C1
0,961 -0,060 C4
-0,483 -0,812 C2
0,289 0,260 C2
-0,597 -0,584 C2
0,405 -0,668 C2
0,495 -0,980 C4
-0,668 -0,635 C2
0,221 -0,211 C1
0,045 -0,374 C4
0,690 -0,578 C2
-0,740 0,273 C2
0,190 -0,418 C1
0,750 -0,998 C4
0,729 0,651 C1
0,707 -0,713 C2
-0,518 -0,209 C1
0,136 -0,320 C1
-0,302 0,844 C1
-0,231 -0,426 C1
0,708 0,694 C1
-0,073 0,091 C4
-0,708 0,549 C1
0,817 0,875 C3
0,923 -0,726 C4
-0,050 -0,005 C3
0,420 0,813 C1
-0,125 0,727 C1
0,710 0,777 C1
-0,126 0,404 C2
-0,320 -0,344 C1
0,342 -0,990 C4
0,037 0,597 C3
-0,437 0,709 C1
0,755 -0,826 C2
-0,382 0,641 C1
0,597 0,779 C1
-0,834 -0,708 C2
0,548 0,820 C1
-0,513 0,479 C2
0,312 0,340 C2
0,918 -0,929 C4
-0,345 -0,560 C2
0,988 0,099 C3
-0,219 0,369 C2
0,045 -0,069 C4
-0,353 -0,446 C1
-0,029 0,022 C4
0,602 -0,648 C2
0,133 -0,198 C4
-0,445 0,063 C2
0,483 -0,858 C2
-0,316 -0,416 C1
0,837 -0,758 C2
0,917 0,063 C3
-0,235 -0,308 C1
-0,049 -0,355 C3
0,936 0,858 C3
0,846 0,776 C1
0,696 0,851 C1
0,150 0,924 C3
-0,646 0,592 C1
-0,381 0,760 C1
-0,736 -0,686 C2
0,896 -0,033 C4
-0,963 0,998 C4
-0,475 -0,535 C2
-0,128 0,557 C1
0,509 0,997 C3
-0,683 0,969 C4
0,906 0,004 C3
0,094 0,335 C2
0,741 0,422 C2
-0,239 0,091 C4
-0,358 -0,432 C1
0,894 0,028 C3
-0,940 -0,679 C3
0,408 0,763 C1
-0,310 -0,727 C2
0,252 -0,148 C1
0,807 0,978 C3
-0,233 -0,447 C1
0,694 0,470 C2
-0,374 0,664 C1
-0,771 0,376 C2
0,983 0,850 C3
0,212 -0,484 C1
-0,226 0,114 C4
0,189 -0,784 C2
0,165 0,853 C3
0,588 -0,140 C1
-0,933 0,244 C4
-0,841 -0,480 C1
-0,951 0,114 C4
0,184 0,899 C3
-0,387 -0,728 C2
0,997 -0,823 C4
0,860 0,480 C2
-0,698 -0,455 C1
0,271 0,264 C2
-0,010 -0,149 C3
-0,445 -0,910 C2
0,886 0,671 C1
0,948 -0,313 C4
0,614 -0,347 C1
0,437 0,300 C2
0,896 0,686 C1
-0,548 -0,601 C2
0,594 -0,363 C1
0,575 -0,112 C1
-0,894 0,390 C2
0,592 0,560 C1
0,961 0,777 C3
0,407 0,705 C1
-0,020 0,931 C4
-0,747 -0,866 C2
-0,997 0,405 C4
-0,548 -0,949 C3
-0,691 0,213 C2
0,712 0,200 C2
-0,704 0,259 C2
-0,855 0,484 C2
-0,708 0,429 C2
0,592 0,110 C2
-0,684 0,288 C2
0,475 0,533 C1
0,902 0,501 C1
-0,447 -0,302 C1
-0,472 -0,877 C2
-0,681 -0,188 C1
-0,493 0,201 C2
0,055 0,199 C3
-0,687 -0,254 C1
0,152 0,435 C2
-0,003 -0,556 C3
0,356 0,303 C2
-0,417 -0,697 C2
-0,844 -0,718 C2
0,921 0,837 C3
0,269 -0,118 C1
0,563 -0,763 C2
0,666 -0,314 C1
-0,455 -0,047 C3
0,169 -0,703 C2
0,807 -0,068 C4
0,347 0,397 C2
-0,872 -0,002 C3
-0,800 0,938 C4
-0,741 0,971 C4
0,559 -0,683 C2
0,220 -0,476 C1
0,747 -0,359 C1
-0,073 -0,305 C3
-0,086 -0,580 C2
-0,664 -0,289 C1
0,825 0,999 C3
0,553 -0,678 C2
0,243 -0,496 C1
0,947 -0,680 C4
0,237 -0,800 C2
0,577 -0,916 C2
-0,132 -0,980 C3
0,448 0,916 C1
0,128 -0,986 C4
-0,360 -0,984 C3
0,382 0,032 C3
0,445 -0,816 C2
0,836 -0,179 C4
-0,120 0,912 C4
0,970 0,603 C3
0,545 -0,748 C2
-0,146 -0,859 C3
-0,639 0,685 C1
-0,266 0,354 C2
-0,322 -0,182 C1
0,132 -0,938 C4
0,127 -0,059 C4
-0,581 0,763 C1
-0,104 0,561 C1
0,971 -0,867 C4
0,564 -0,102 C1
-0,483 -0,093 C1
-0,407 -0,148 C1
0,303 -0,142 C1
0,023 0,965 C3
-0,219 -0,250 C1
0,140 -0,926 C4
-0,707 -0,270 C1
-0,001 0,270 C4
-0,138 -0,155 C3
-0,980 0,022 C4
-0,109 -0,089 C3
0,537 -0,787 C2
-0,006 0,384 C4
0,758 -0,229 C1
-0,805 0,123 C4
0,998 -0,261 C4
0,441 -0,144 C1
0,130 -0,801 C4
-0,671 -0,903 C2
0,849 -0,590 C2
0,754 0,319 C2
0,485 0,880 C1
-0,118 -0,999 C3
0,689 -0,371 C1
-0,183 0,224 C2
-0,672 -0,517 C2
-0,071 -0,322 C3
0,405 0,361 C2
0,103 -0,926 C4
-0,222 0,996 C4
0,136 -0,754 C2
0,019 0,589 C3
0,611 -0,188 C1
-0,040 0,092 C4
0,511 0,608 C1
-0,412 0,394 C2
0,558 -0,252 C1
0,983 -0,199 C4
0,013 0,800 C3
-0,672 0,010 C4
0,035 -0,891 C4
-0,278 0,273 C2
0,392 -0,285 C1
0,019 -0,466 C4
0,576 -0,178 C1
-0,665 -0,151 C1
0,411 0,738 C1
0,745 0,032 C3
-0,127 0,025 C4
0,154 -0,036 C4
-0,101 0,064 C4
-0,022 0,738 C4
0,691 -0,015 C4
0,410 -0,593 C2
-0,035 0,110 C4
-0,848 -0,271 C1
0,483 0,587 C1
0,094 -0,571 C2
0,137 -0,726 C2
0,979 -0,945 C4
-0,859 0,369 C2
0,186 0,816 C1
-0,781 -0,437 C1
-0,019 -0,417 C3
-0,124 -0,798 C3
-0,510 -0,402 C1
0,171 -0,912 C4
-0,021 0,064 C4
0,301 0,130 C2
0,318 -0,634 C2
0,510 0,302 C2
0,599 0,841 C1
-0,543 -0,345 C1
0,434 -0,673 C2
0,350 0,979 C3
0,256 -0,565 C2
-0,254 0,777 C1
-0,218 0,133 C4
0,518 -0,586 C2
0,542 0,869 C1
0,495 0,500 C1
0,817 0,326 C2
0,942 0,084 C3
0,436 -0,038 C4
0,266 0,169 C2
0,509 0,786 C1
0,918 -0,889 C4
0,354 0,089 C2
-0,119 -0,985 C3
0,480 0,956 C3
-0,207 0,260 C2
-0,296 0,935 C4
-0,354 0,589 C1
-0,851 0,823 C4
-0,908 -0,082 C3
-0,716 0,610 C1
0,265 0,376 C2
0,241 0,642 C1
-0,799 -0,462 C1
-0,316 -0,815 C2
-0,460 0,816 C1
-0,417 0,207 C2
-0,668 0,344 C2
0,608 -0,845 C2
0,118 -0,777 C4
0,689 -0,885 C2
0,687 -0,223 C1
0,012 -0,338 C4
-0,750 0,599 C1
-0,654 0,904 C1
-0,508 0,088 C2
-0,175 -0,621 C2
-0,183 -0,721 C2
0,125 -0,776 C4
0,887 0,800 C3
-0,899 -0,101 C3
0,743 0,457 C2
-0,449 -0,737 C2
0,529 0,306 C2
-0,506 -0,812 C2
0,289 -0,816 C2
-0,477 0,522 C1
0,224 -0,193 C1
0,106 -0,794 C4
-0,285 0,215 C2
0,492 -0,246 C1
0,870 0,986 C3
0,959 -0,847 C4
-0,674 -0,794 C2
0,914 -0,620 C2
0,593 -0,657 C2
0,605 -0,042 C4
0,022 0,188 C3
-0,480 -0,994 C3
0,069 -0,037 C4
-0,269 0,626 C1
-0,902 0,004 C4
0,057 -0,168 C4
0,717 -0,378 C1
0,991 0,814 C3
-0,689 -0,569 C2
0,357 -0,355 C1
0,684 0,621 C1
-0,227 0,657 C1
0,968 -0,905 C4
0,785 -0,104 C4
0,404 -0,508 C2
-0,903 0,230 C4
0,158 -0,035 C4
-0,548 -0,102 C1
-0,178 -0,180 C3
0,459 -0,689 C2
0,164 -0,807 C4
0,915 0,579 C1
-0,624 0,827 C1
-0,956 -0,891 C3
-0,463 0,398 C2
-0,466 -0,562 C2
0,300 0,073 C3
0,452 -0,504 C2
-0,623 -0,914 C2
0,103 -0,688 C2
0,871 -0,361 C1
0,846 -0,050 C4
-0,057 0,848 C4
0,985 0,459 C3
-0,126 0,538 C1
-0,731 -0,113 C3
0,866 0,214 C3
0,515 0,023 C3
0,725 -0,307 C1
-0,253 0,337 C2
-0,009 -0,406 C3
0,169 -0,559 C2
-0,539 -0,162 C1
-0,218 0,070 C4
-0,878 0,615 C1
-0,286 0,596 C1
-0,890 0,927 C4
0,827 -0,876 C4
0,803 0,350 C2
0,338 -0,408 C1
-0,173 0,267 C2
-0,574 -0,514 C2
0,688 0,392 C2
-0,362 0,915 C1
0,644 -0,551 C2
0,867 0,167 C3
-0,991 -0,401 C3
-0,727 0,440 C2
0,655 -0,593 C2
0,350 0,288 C2
0,178 -0,621 C2
0,046 -0,752 C4
-0,956 0,415 C4
-0,008 0,960 C4
-0,314 -0,117 C1
0,267 -0,444 C1
0,472 -0,289 C1
-0,705 0,712 C1
0,080 0,166 C3
-0,675 -0,825 C2
-0,951 -0,435 C3
0,087 0,016 C3
-0,951 -0,529 C3
-0,404 -0,122 C1
0,351 -0,932 C4
0,435 0,062 C2
0,418 0,136 C2
0,036 -0,195 C4
