-1,742 1,815
-1,804 1,756
-1,900 1,693
-1,730 1,793
-1,830 1,704
-1,952 1,850
-1,899 1,711
-1,964 1,900
-1,640 1,723
-1,933 1,881
-1,650 1,731
-1,899 1,898
-1,746 1,891
-1,905 1,628
-1,825 1,646
-1,963 1,981
-1,700 1,758
-1,921 1,635
-1,690 1,878
-1,857 1,672
-1,760 1,704
-1,746 1,895
-1,865 1,633
-1,937 1,868
-1,951 1,891
-1,805 1,705
-1,931 1,797
-1,744 1,878
-1,862 1,894
-1,679 1,775
-1,855 1,606
-1,619 1,784
-1,702 1,791
-1,998 1,751
-1,677 1,862
-1,633 1,760
-1,820 1,944
-1,949 1,652
-1,837 1,616
-1,986 1,657
-1,797 1,631
-1,667 1,770
-1,989 1,713
-1,688 1,900
-1,729 1,978
-1,895 1,734
-1,677 1,898
-1,877 1,611
-1,804 1,945
-1,610 1,907
-1,717 1,895
-1,992 1,986
-1,786 1,809
-1,793 1,978
-1,865 1,739
-1,759 1,862
-1,923 1,913
-1,825 1,749
-1,811 1,993
-1,804 1,688
-1,880 1,716
-1,708 1,981
-1,682 1,723
-1,642 1,834
-1,817 1,896
-1,982 1,668
-1,698 1,850
-1,678 1,662
-1,615 1,976
-1,935 1,838
-1,746 1,976
-1,744 1,886
-1,768 1,600
-1,789 1,634
-1,942 1,679
-1,826 1,651
-1,749 1,726
-1,644 1,762
-1,927 1,793
-1,700 1,851
-1,956 1,686
-1,867 1,692
-1,771 1,659
-1,725 1,917
-1,662 1,760
-1,922 1,863
-1,637 1,657
-1,722 1,799
-1,661 1,817
-1,708 1,903
-1,675 1,623
-1,979 1,774
-1,842 1,876
-1,813 1,901
-1,894 1,844
-1,913 1,998
-1,786 1,741
-1,747 1,949
-1,687 1,837
-1,830 1,839
-0,925 1,901
-0,901 1,782
-1,104 1,678
-1,195 1,848
-0,993 1,760
-1,174 1,756
-0,996 1,856
-1,091 1,881
-1,093 1,654
-1,060 1,737
-0,960 1,904
-1,177 1,754
-0,960 1,937
-0,990 1,653
-0,997 1,869
-0,994 1,883
-1,173 1,943
-0,833 1,649
-1,054 1,945
-0,881 1,796
-1,040 1,876
-0,833 1,900
-0,801 1,919
-1,139 1,675
-1,010 1,651
-0,996 1,915
-1,010 1,732
-1,033 1,769
-0,942 1,609
-0,864 1,899
-1,016 1,711
-1,081 1,857
-1,063 1,733
-1,070 1,603
-1,062 1,952
-0,805 1,886
-1,157 1,698
-1,187 1,841
-0,993 1,640
-1,187 1,766
-1,022 1,776
-1,094 1,897
-1,103 1,972
-1,012 1,640
-1,121 1,926
-0,954 1,798
-0,805 1,666
-0,939 1,611
-1,077 1,687
-0,823 1,686
-1,130 1,730
-1,077 1,655
-1,134 1,617
-0,801 1,853
-0,915 1,867
-0,916 1,689
-0,832 1,884
-0,940 1,884
-0,892 1,795
-1,179 1,927
-1,021 1,758
-0,802 1,864
-0,946 1,653
-1,054 1,699
-0,862 1,808
-0,906 1,894
-0,932 1,781
-0,969 1,853
-0,942 1,947
-0,946 1,877
-0,947 1,837
-0,969 1,935
-1,133 1,746
-0,818 1,612
-0,826 1,735
-1,058 1,847
-0,956 1,943
-1,141 1,769
-0,962 1,782
-0,961 1,782
-0,853 1,772
-1,104 1,966
-0,828 1,882
-1,080 1,950
-1,129 1,642
-0,939 1,936
-1,091 1,800
-1,089 1,683
-1,186 1,993
-1,033 1,798
-1,105 1,739
-0,936 1,626
-1,189 1,653
-1,188 1,617
-1,059 1,828
-0,920 1,614
-1,003 1,920
-1,049 1,682
-1,179 1,987
-0,993 1,744
-0,051 1,987
-0,068 1,673
-0,131 1,725
-0,107 1,907
-0,075 1,684
-0,141 1,753
-0,140 1,992
-0,114 1,615
-0,005 1,716
-0,270 1,832
-0,393 1,694
-0,382 1,789
-0,373 1,681
-0,345 1,784
-0,167 1,718
-0,086 1,940
-0,359 1,674
-0,199 1,913
-0,142 1,921
-0,262 1,833
-0,103 1,777
-0,216 1,649
-0,151 1,784
-0,350 1,912
-0,244 1,982
-0,398 1,817
-0,047 1,817
-0,192 1,824
-0,059 1,811
-0,283 1,752
-0,236 1,842
-0,217 1,993
-0,285 1,810
-0,339 1,890
-0,288 1,972
-0,399 1,690
-0,219 1,609
-0,227 1,713
-0,394 1,831
-0,125 1,960
-0,175 1,697
-0,365 1,863
-0,273 1,621
-0,160 1,850
-0,287 1,817
-0,380 1,727
-0,090 1,975
-0,243 1,692
-0,146 1,737
-0,292 1,884
-0,205 1,625
-0,099 1,696
-0,046 1,886
-0,193 1,723
-0,097 1,996
-0,007 1,798
-0,144 1,825
-0,094 1,839
-0,295 1,971
-0,107 1,620
-0,100 1,832
-0,280 1,695
-0,259 1,741
-0,376 1,891
-0,096 1,773
-0,058 1,962
-0,228 1,976
-0,281 1,979
-0,016 1,951
-0,236 1,837
-0,204 1,828
-0,207 1,891
-0,275 1,883
-0,211 1,733
-0,268 1,815
-0,291 1,990
-0,071 1,908
-0,022 1,858
-0,003 1,695
-0,159 1,773
-0,370 1,789
-0,022 1,665
-0,223 1,958
-0,172 1,978
-0,385 1,782
-0,338 1,692
-0,178 1,677
-0,320 1,953
-0,250 1,763
-0,179 1,783
-0,048 1,921
-0,331 1,953
-0,067 1,677
-0,149 1,793
-0,064 1,685
-0,154 1,712
-0,223 1,884
-0,234 1,786
-0,307 1,732
-0,185 1,932
-1,637 0,883
-1,501 0,973
-1,792 1,053
-1,471 1,141
-1,532 0,862
-1,519 0,838
-1,649 0,929
-1,747 1,187
-1,774 1,088
-1,582 0,929
-1,743 1,171
-1,485 1,077
-1,640 0,816
-1,403 0,985
-1,535 1,160
-1,526 0,883
-1,787 1,058
-1,411 0,906
-1,728 1,188
-1,632 0,888
-1,780 1,170
-1,542 0,962
-1,573 1,192
-1,481 0,858
-1,630 1,045
-1,709 0,851
-1,489 1,025
-1,686 1,113
-1,508 1,017
-1,449 0,947
-1,470 0,854
-1,527 0,813
-1,652 0,917
-1,773 1,186
-1,679 1,155
-1,535 0,946
-1,607 1,000
-1,703 1,161
-1,496 1,081
-1,797 0,824
-1,442 1,175
-1,537 1,050
-1,634 0,881
-1,552 0,997
-1,473 1,057
-1,535 1,153
-1,778 0,947
-1,522 1,171
-1,724 1,080
-1,437 1,078
-1,752 0,968
-1,548 1,044
-1,469 0,981
-1,739 0,926
-1,703 1,159
-1,597 0,856
-1,494 0,898
-1,513 0,929
-1,464 0,852
-1,689 0,961
-1,605 1,195
-1,509 0,902
-1,615 1,017
-1,412 1,008
-1,419 0,853
-1,526 0,938
-1,403 1,000
-1,590 1,053
-1,588 1,140
-1,787 0,927
-1,412 1,038
-1,755 0,982
-1,670 1,000
-1,503 0,920
-1,579 1,046
-1,789 1,167
-1,603 1,078
-1,755 0,917
-1,435 1,041
-1,598 0,939
-1,609 1,010
-1,703 1,107
-1,746 1,081
-1,782 1,195
-1,656 1,110
-1,427 0,935
-1,466 1,102
-1,748 1,123
-1,531 0,869
-1,410 1,023
-1,765 1,117
-1,644 1,168
-1,651 0,806
-1,786 0,918
-1,620 1,169
-1,570 0,821
-1,443 1,088
-1,545 0,904
-1,774 0,903
-1,413 1,141
-0,463 1,053
-0,470 0,952
-0,523 0,884
-0,588 0,862
-0,449 0,918
-0,305 0,880
-0,256 0,861
-0,420 0,897
-0,416 0,941
-0,422 1,103
-0,536 1,008
-0,504 0,998
-0,574 1,033
-0,532 1,062
-0,565 1,135
-0,243 0,839
-0,599 1,142
-0,522 1,114
-0,426 0,903
-0,440 0,926
-0,392 0,856
-0,460 0,904
-0,432 0,805
-0,422 1,127
-0,355 1,173
-0,438 0,865
-0,245 1,060
-0,381 1,081
-0,483 0,978
-0,569 0,990
-0,262 1,027
-0,373 1,093
-0,333 0,846
-0,537 1,134
-0,445 0,980
-0,554 1,024
-0,593 0,898
-0,428 1,181
-0,489 1,052
-0,307 1,167
-0,491 1,147
-0,440 1,158
-0,308 1,009
-0,212 0,815
-0,384 0,836
-0,586 1,011
-0,532 1,025
-0,336 1,126
-0,351 1,031
-0,207 1,129
-0,586 0,950
-0,591 0,977
-0,340 1,157
-0,595 1,136
-0,258 0,841
-0,433 1,022
-0,499 1,132
-0,345 1,032
-0,527 0,824
-0,243 0,846
-0,217 0,813
-0,550 0,811
-0,536 0,877
-0,280 1,011
-0,335 0,980
-0,434 0,820
-0,311 0,804
-0,537 1,118
-0,438 0,995
-0,358 0,810
-0,292 1,175
-0,382 1,057
-0,276 1,143
-0,583 0,926
-0,278 0,912
-0,338 1,174
-0,249 1,006
-0,526 1,188
-0,264 0,898
-0,258 1,136
-0,595 0,875
-0,303 0,921
-0,355 1,080
-0,462 1,004
-0,407 0,939
-0,276 0,878
-0,452 1,048
-0,299 0,924
-0,323 1,079
-0,213 0,906
-0,283 0,970
-0,491 1,113
-0,229 0,976
-0,379 0,926
-0,272 1,045
-0,312 1,176
-0,392 1,188
-0,356 1,042
-0,440 0,969
-0,582 1,021
-1,936 0,261
-1,815 0,132
-1,978 0,058
-1,867 0,271
-1,694 0,159
-1,872 0,378
-1,857 0,312
-1,984 0,119
-1,704 0,247
-1,622 0,327
-1,947 0,124
-1,606 0,198
-1,972 0,062
-1,863 0,233
-1,751 0,011
-1,917 0,383
-1,925 0,140
-1,872 0,053
-1,992 0,256
-1,902 0,198
-1,681 0,122
-1,766 0,147
-1,608 0,082
-1,902 0,213
-1,841 0,007
-1,762 0,378
-1,798 0,112
-1,661 0,167
-1,611 0,248
-1,879 0,099
-1,639 0,234
-1,957 0,365
-1,725 0,047
-1,958 0,034
-1,709 0,306
-1,647 0,224
-1,764 0,143
-1,753 0,351
-1,671 0,013
-1,822 0,280
-1,745 0,056
-1,959 0,144
-1,627 0,324
-1,891 0,148
-1,786 0,274
-1,726 0,395
-1,800 0,247
-1,903 0,164
-1,913 0,351
-1,743 0,251
-1,767 0,343
-1,717 0,154
-1,601 0,002
-1,823 0,097
-1,986 0,093
-1,935 0,113
-1,745 0,358
-1,881 0,227
-1,851 0,368
-1,800 0,005
-1,635 0,277
-1,836 0,029
-1,603 0,313
-1,978 0,070
-1,816 0,266
-1,927 0,269
-1,756 0,082
-1,637 0,267
-1,648 0,303
-1,976 0,386
-1,935 0,150
-1,922 0,020
-1,807 0,342
-1,681 0,394
-1,811 0,012
-1,850 0,304
-1,960 0,357
-1,893 0,297
-1,820 0,028
-1,728 0,234
-1,659 0,119
-1,925 0,015
-1,742 0,204
-1,909 0,006
-1,673 0,179
-1,880 0,122
-1,845 0,262
-1,791 0,137
-1,620 0,031
-1,632 0,207
-1,658 0,218
-1,880 0,262
-1,697 0,327
-1,641 0,140
-1,683 0,384
-1,617 0,032
-1,795 0,133
-1,850 0,068
-1,699 0,238
-1,991 0,373
-1,121 0,346
-1,015 0,134
-0,911 0,204
-0,952 0,338
-1,189 0,253
-1,090 0,001
-1,192 0,342
-0,927 0,005
-0,912 0,229
-0,933 0,370
-1,047 0,254
-0,878 0,111
-1,196 0,380
-0,984 0,360
-1,010 0,079
-1,083 0,205
-1,041 0,160
-1,092 0,315
-0,907 0,309
-0,859 0,005
-0,970 0,357
-0,921 0,233
-1,179 0,388
-1,088 0,061
-1,094 0,278
-0,968 0,138
-1,121 0,367
-0,922 0,241
-1,138 0,079
-0,918 0,382
-0,889 0,026
-0,908 0,060
-0,822 0,295
-1,080 0,344
-0,842 0,345
-1,079 0,191
-0,924 0,317
-1,025 0,105
-0,878 0,349
-0,822 0,186
-0,832 0,065
-0,989 0,185
-1,119 0,007
-0,892 0,309
-1,082 0,022
-1,144 0,103
-0,820 0,004
-0,982 0,345
-0,916 0,069
-0,900 0,244
-1,043 0,075
-0,991 0,280
-1,153 0,066
-1,155 0,018
-0,981 0,109
-0,837 0,293
-0,991 0,058
-1,051 0,170
-0,868 0,326
-1,136 0,387
-0,851 0,018
-1,137 0,031
-1,154 0,123
-0,992 0,081
-0,871 0,022
-1,117 0,185
-1,102 0,090
-1,033 0,288
-0,966 0,165
-1,084 0,321
-1,060 0,209
-0,923 0,017
-1,057 0,107
-0,998 0,155
-0,978 0,122
-0,895 0,206
-1,192 0,170
-1,127 0,195
-0,829 0,279
-1,136 0,337
-1,154 0,063
-0,810 0,024
-0,889 0,071
-1,153 0,336
-1,082 0,166
-0,846 0,280
-0,950 0,333
-1,177 0,397
-0,908 0,038
-1,079 0,210
-1,005 0,141
-1,113 0,264
-1,121 0,096
-1,087 0,373
-1,098 0,286
-0,893 0,372
-0,871 0,110
-0,929 0,167
-1,059 0,336
-1,164 0,204
-0,017 0,023
-0,119 0,124
-0,022 0,151
-0,278 0,332
-0,372 0,151
-0,006 0,282
-0,045 0,307
-0,125 0,050
-0,240 0,119
-0,208 0,217
-0,122 0,213
-0,040 0,231
-0,337 0,170
-0,055 0,011
-0,328 0,101
-0,399 0,176
-0,238 0,279
-0,011 0,334
-0,036 0,122
-0,166 0,198
-0,232 0,334
-0,041 0,395
-0,153 0,258
-0,280 0,370
-0,085 0,180
-0,225 0,118
-0,142 0,235
-0,279 0,252
-0,044 0,054
-0,341 0,260
-0,320 0,033
-0,394 0,184
-0,126 0,034
-0,218 0,363
-0,217 0,060
-0,086 0,063
-0,019 0,036
-0,173 0,051
-0,085 0,168
-0,289 0,390
-0,237 0,367
-0,350 0,162
-0,133 0,391
-0,115 0,111
-0,266 0,192
-0,053 0,230
-0,383 0,377
-0,284 0,218
-0,131 0,104
-0,110 0,201
-0,340 0,199
-0,236 0,252
-0,122 0,357
-0,361 0,311
-0,336 0,106
-0,196 0,081
-0,122 0,369
-0,279 0,388
-0,364 0,104
-0,140 0,261
-0,257 0,025
-0,250 0,334
-0,069 0,347
-0,336 0,393
-0,125 0,209
-0,112 0,022
-0,288 0,192
-0,005 0,163
-0,125 0,095
-0,263 0,181
-0,022 0,324
-0,184 0,274
-0,318 0,014
-0,155 0,302
-0,237 0,007
-0,327 0,166
-0,176 0,033
-0,081 0,128
-0,157 0,040
-0,132 0,341
-0,035 0,067
-0,069 0,174
-0,066 0,108
-0,329 0,368
-0,201 0,252
-0,390 0,035
-0,070 0,086
-0,108 0,196
-0,330 0,004
-0,092 0,120
-0,241 0,185
-0,341 0,061
-0,038 0,297
-0,277 0,182
-0,195 0,116
-0,061 0,393
-0,365 0,179
-0,318 0,079
-0,119 0,339
-0,353 0,025
-1,331 0,542
-0,762 1,331
-0,872 1,716
-0,628 1,891
-1,340 0,562
-1,002 1,900
-1,455 1,032
-1,167 1,804
-0,448 0,061
-0,918 1,160
-0,259 1,460
-1,265 1,924
-1,601 0,340
-0,527 0,898
-1,155 1,664
-1,130 1,781
-0,369 1,730
-1,610 1,802
-0,997 1,734
-1,933 0,459
-0,594 1,864
-0,332 0,563
-0,727 0,857
-0,333 0,477
-1,612 1,398
-1,580 1,208
-1,317 0,304
-1,459 0,839
-1,472 0,053
-0,327 1,690
-0,750 0,875
-1,369 0,533
-0,081 0,372
-0,845 1,232
-1,694 0,430
-1,567 0,224
-1,719 1,053
-0,033 0,435
-1,073 1,640
-1,623 0,403
-1,832 0,276
-0,714 0,660
-0,203 0,587
-1,447 0,756
-0,547 1,870
-0,158 1,693
-1,670 1,357
-0,280 1,998
-0,841 1,727
-0,670 1,187
-0,634 0,246
-0,950 1,935
-0,778 0,336
-0,532 1,919
-1,745 1,717
-1,450 0,024
-0,761 1,827
-1,109 1,331
-0,333 0,740
-1,394 1,169
-0,220 0,391
-1,416 0,396
-0,074 0,656
-0,406 0,020
-1,666 1,486
-0,965 1,299
-0,794 0,182
-0,991 1,540
-1,541 1,681
-1,176 1,944
-1,596 1,701
-1,949 0,082
-0,797 1,551
-1,185 1,800
-1,994 1,471
-1,886 1,751
-1,627 0,480
-1,320 0,082
-1,233 0,875
-1,876 1,292
-0,289 0,771
-1,080 1,794
-1,465 0,358
-1,821 1,277
-1,437 0,937
-1,906 1,623
-1,971 0,175
-0,581 1,836
-0,903 0,567
-0,544 0,198
-1,110 0,584
-1,408 1,704
-1,350 1,633
-0,322 1,731
-0,164 0,621
-1,760 1,822
-0,736 1,636
-1,132 0,529
-0,767 1,087
-0,026 1,273
-1,003 0,468
-0,423 0,407
-1,096 1,876
-1,242 1,788
-1,937 1,366
-1,015 1,492
-1,504 0,286
-1,331 1,605
-0,619 0,860
-1,039 1,432
-1,773 1,436
-0,932 1,908
-0,403 1,073
-0,797 0,522
-1,666 0,429
-1,381 1,637
-0,835 0,275
-0,858 0,748
-1,965 0,389
-0,873 0,897
-1,476 0,064
-1,197 1,262
-0,661 1,010
-0,389 1,746
-0,012 0,062
-0,663 1,290
-0,490 0,744
-0,424 1,604
-0,629 1,509
-1,606 1,990
-1,485 0,263
-1,078 1,060
-0,043 1,626
-1,946 1,257
-1,731 1,333
-1,561 0,306
-0,143 1,150
-0,503 1,992
-0,994 1,722
-0,667 0,985
-1,655 1,906
-0,885 0,835
-1,410 1,283
-1,283 0,695
-0,778 1,810
-0,742 0,878
-0,916 0,848
-1,463 1,906
-0,198 1,182
-0,690 0,359
-0,591 0,054
-0,150 1,559
-1,434 0,743
-0,707 1,847
-0,605 0,738
-1,080 0,093
-0,927 0,201
-1,314 0,927
-0,933 1,051
-1,929 1,163
-1,810 0,784
-0,333 1,893
-0,537 1,889
-1,266 1,808
-0,784 1,621
-1,535 0,453
-0,179 1,809
-1,353 1,321
-1,043 0,340
-0,990 1,959
-1,551 1,043
-0,355 1,593
-1,658 0,779
-0,400 0,168
-0,897 1,742
-1,013 0,164
-1,358 1,183
-0,245 0,038
-0,825 0,099
-0,333 1,767
-0,151 0,772
-1,038 0,570
-1,452 0,464
-0,350 0,603
-1,689 1,072
-0,481 0,211
-1,605 0,097
-1,517 0,111
-0,829 0,870
-1,847 1,810
-0,225 1,686
-1,775 1,492
-0,308 0,200
-0,383 0,645
-1,667 1,267
-1,860 0,748
-1,965 1,235
-0,035 1,532
-0,078 1,674
-0,902 0,479